0.000007 4.442511 6.849794 0.795701 0.999018 
0.460007 4.439273 6.833421 0.805910 0.997161 
0.920007 4.465455 6.780327 0.828063 0.992877 
1.380007 4.565173 6.676634 0.863134 0.985839 
1.840007 4.729483 6.535145 0.908154 0.978171 
2.300007 4.901067 6.394166 0.956201 0.971863 
2.760007 5.048713 6.283331 1.000236 0.966883 
3.220007 5.034361 6.278147 0.998055 0.967494 
3.680007 4.745316 6.236389 0.953452 0.978412 
4.140007 4.462155 5.958523 0.933564 0.989600 
4.600007 4.312551 5.732310 0.917773 0.995777 
5.060007 4.256937 5.651331 0.904899 0.998219 
5.520007 4.240404 5.647898 0.895650 0.999048 
5.980007 4.237530 5.673241 0.888493 0.999300 
6.440007 4.239252 5.707778 0.882417 0.999359 
6.900007 4.242583 5.744787 0.876981 0.999356 
7.360007 4.246556 5.782097 0.871993 0.999336 
7.820007 4.250850 5.819049 0.867363 0.999311 
8.280007 4.255356 5.855468 0.863039 0.999287 
8.740007 4.260027 5.891334 0.858986 0.999265 
9.200007 4.264841 5.926669 0.855175 0.999244 
9.660007 4.269783 5.961508 0.851585 0.999225 
10.120007 4.274843 5.995887 0.848194 0.999208 
10.580007 4.280011 6.029836 0.844986 0.999192 
11.040007 4.285279 6.063386 0.841947 0.999178 
11.500007 4.290639 6.096564 0.839062 0.999164 
11.960007 4.296086 6.129392 0.836320 0.999152 
12.420007 4.301612 6.161893 0.833709 0.999140 
12.880007 4.307213 6.194087 0.831221 0.999130 
13.340007 4.312884 6.225991 0.828846 0.999120 
13.800007 4.318621 6.257622 0.826577 0.999111 
14.260007 4.324418 6.288995 0.824407 0.999102 
14.720007 4.330274 6.320124 0.822329 0.999094 
15.180007 4.336183 6.351022 0.820336 0.999087 
15.640007 4.342143 6.381701 0.818425 0.999080 
16.100007 4.348151 6.412171 0.816589 0.999074 
16.560007 4.354204 6.442443 0.814824 0.999068 
17.020007 4.360300 6.472526 0.813125 0.999062 
17.480007 4.366436 6.502430 0.811490 0.999057 
17.940007 4.372610 6.532162 0.809915 0.999052 
18.400007 4.378820 6.561730 0.808395 0.999048 
18.860007 4.385063 6.591141 0.806928 0.999044 
19.320007 4.391339 6.620403 0.805512 0.999040 
19.780007 4.397645 6.649521 0.804143 0.999036 
20.240007 4.403980 6.678502 0.802819 0.999033 
20.700007 4.410342 6.707351 0.801538 0.999030 
21.160007 4.416729 6.736073 0.800297 0.999027 
21.620007 4.423142 6.764674 0.799094 0.999024 
22.080007 4.429577 6.793159 0.797929 0.999022 
22.540007 4.436034 6.821531 0.796798 0.999020 
