0.500014 4.441419 8.178057 0.868960 0.000000 0.000622 0.001947 0.000028
1.000045 4.545082 8.247155 0.871515 0.000000 0.000622 0.001916 0.000026
1.500131 4.788012 8.291894 0.866972 0.000000 0.000622 0.001857 0.000024
2.000307 5.096218 8.239513 0.870274 0.000000 0.000622 0.001814 0.000022
2.500540 5.367011 8.153330 0.887568 0.000000 0.000622 0.001808 0.000022
3.000762 5.581127 8.066715 0.893244 0.000000 0.000622 0.001825 0.000022
3.500246 5.229515 8.024538 0.908514 0.000000 0.000622 0.001807 0.000024
4.000075 4.748851 7.510385 0.968293 0.000000 0.000622 0.001865 0.000033
4.500023 4.459304 6.982306 1.000317 0.000000 0.000622 0.001942 0.000044
5.000007 4.351041 6.767665 1.004956 0.000000 0.000622 0.001977 0.000050
5.500004 4.335160 6.773371 0.997098 0.000000 0.000622 0.001983 0.000050
6.000004 4.336689 6.823199 0.989516 0.000000 0.000622 0.001982 0.000049
6.500004 4.338009 6.867167 0.980341 0.000000 0.000622 0.001982 0.000048
7.000004 4.339965 6.915837 0.974436 0.000000 0.000622 0.001981 0.000047
7.500004 4.341525 6.959953 0.966986 0.000000 0.000622 0.001981 0.000046
8.000004 4.344035 7.008720 0.961722 0.000000 0.000622 0.001980 0.000045
8.500004 4.345862 7.051951 0.955629 0.000000 0.000622 0.001979 0.000045
9.000004 4.347834 7.094947 0.949059 0.000000 0.000622 0.001978 0.000044
9.500004 4.349449 7.136163 0.944477 0.000000 0.000622 0.001978 0.000043
10.000004 4.351557 7.180362 0.940313 0.000000 0.000622 0.001977 0.000042
10.500004 4.353436 7.220234 0.935860 0.000000 0.000622 0.001976 0.000041
11.000004 4.355297 7.260829 0.931473 0.000000 0.000622 0.001976 0.000041
11.500004 4.357089 7.300186 0.927678 0.000000 0.000622 0.001975 0.000040
12.000004 4.359828 7.341204 0.923515 0.000000 0.000622 0.001974 0.000039
12.500004 4.362000 7.378269 0.918958 0.000000 0.000622 0.001973 0.000039
13.000004 4.364474 7.419661 0.915864 0.000000 0.000622 0.001973 0.000038
13.500004 4.366653 7.457517 0.912407 0.000000 0.000622 0.001972 0.000037
14.000004 4.368823 7.497071 0.909381 0.000000 0.000622 0.001971 0.000037
14.500004 4.370969 7.534405 0.905852 0.000000 0.000622 0.001970 0.000036
15.000004 4.373683 7.572322 0.902905 0.000000 0.000622 0.001969 0.000036
15.500004 4.376261 7.611642 0.900334 0.000000 0.000622 0.001969 0.000035
16.000004 4.379117 7.649949 0.897876 0.000000 0.000622 0.001968 0.000034
16.500004 4.381715 7.687805 0.895815 0.000000 0.000622 0.001967 0.000034
17.000004 4.384975 7.725851 0.893289 0.000000 0.000622 0.001966 0.000033
17.500004 4.387607 7.762036 0.890318 0.000000 0.000622 0.001965 0.000033
18.000004 4.390316 7.800030 0.888852 0.000000 0.000622 0.001964 0.000032
18.500004 4.393268 7.837556 0.887003 0.000000 0.000622 0.001963 0.000032
19.000004 4.395819 7.869855 0.884347 0.000000 0.000622 0.001962 0.000031
19.500004 4.399523 7.907586 0.882586 0.000000 0.000622 0.001961 0.000031
20.000004 4.403078 7.945985 0.881227 0.000000 0.000622 0.001960 0.000031
20.500004 4.405468 7.978860 0.879278 0.000000 0.000622 0.001959 0.000030
21.000004 4.408725 8.015080 0.877560 0.000000 0.000622 0.001958 0.000030
21.500004 4.412280 8.052290 0.877193 0.000000 0.000622 0.001957 0.000029
22.000004 4.415559 8.088743 0.876102 0.000000 0.000622 0.001956 0.000029
22.500004 4.418470 8.121445 0.874069 0.000000 0.000622 0.001955 0.000028
23.000004 4.422084 8.159510 0.873782 0.000000 0.000622 0.001953 0.000028
