0.01	0	0
0.21	0.000161	2.4E-05
0.41	0.000641	3.5E-05
0.61	0.00122	3.4E-05
0.81	0.001685	5.2E-05
1.01	0.001959	4.4E-05
1.21	0.002026	4.2E-05
1.41	0.002055	3.4E-05
1.61	0.002064	3.9E-05
1.81	0.001999	3.3E-05
2.01	0.001925	3.2E-05
2.21	0.001805	3.1E-05
2.41	0.001688	2.6E-05
2.61	0.001662	3E-05
2.81	0.001549	2.3E-05
3.01	0.001457	2.6E-05
3.21	0.001349	2E-05
3.41	0.001275	1.7E-05
3.61	0.001161	2.1E-05
3.81	0.00111	1.8E-05
4.01	0.001019	1.9E-05
4.21	0.000959	1.9E-05
4.41	0.000942	1.8E-05
4.61	0.000855	1.6E-05
4.81	0.000818	1.5E-05
5.01	0.000746	1.2E-05
5.21	0.000718	1.4E-05
5.41	0.000684	1.7E-05
5.61	0.000629	1.4E-05
5.81	0.000624	1.3E-05
6.01	0.000572	1.2E-05
6.21	0.000527	1.4E-05
6.41	0.000507	1.3E-05
6.61	0.000483	1.2E-05
6.81	0.000469	1.5E-05
7.01	0.000452	9E-06
7.21	0.000427	1.3E-05
7.41	0.000379	1.2E-05
7.61	0.000388	1.2E-05
7.81	0.000354	1.1E-05
8.01	0.000343	8E-06
8.21	0.000334	1E-05
8.41	0.000303	1E-05
8.61	0.000318	1.1E-05
8.81	0.000268	1E-05
9.01	0.000278	1.2E-05
9.21	0.000262	1E-05
9.41	0.000243	9E-06
9.61	0.000233	8E-06
9.81	0.000209	9E-06
10.01	0.000198	6E-06
10.21	0.000203	7E-06
10.41	0.000195	7E-06
10.61	0.000163	8E-06
10.81	0.000167	7E-06
11.01	0.000176	7E-06
11.21	0.000154	6E-06
11.41	0.000157	7E-06
11.61	0.000152	8E-06
11.81	0.000143	7E-06
12.01	0.000144	7E-06
12.21	0.000125	7E-06
12.41	0.000128	8E-06
12.61	0.00012	6E-06
12.81	0.000114	5E-06
13.01	0.000114	5E-06
13.21	0.000103	6E-06
13.41	0.000102	6E-06
13.61	9.2E-05	6E-06
13.81	9.1E-05	6E-06
14.01	9.3E-05	5E-06
14.21	8.7E-05	5E-06
14.41	8.2E-05	5E-06
14.61	9.1E-05	4E-06
14.81	6.6E-05	5E-06
15.01	7.9E-05	5E-06
15.21	6.9E-05	4E-06
15.41	6.1E-05	5E-06
15.61	6.6E-05	5E-06
15.81	6.8E-05	4E-06
16.01	6.4E-05	5E-06
16.21	5.4E-05	4E-06
16.41	6.2E-05	4E-06
16.61	5.2E-05	4E-06
16.81	5.9E-05	4E-06
17.01	5.2E-05	4E-06
17.21	5.1E-05	4E-06
17.41	5.1E-05	4E-06
17.61	5.1E-05	4E-06
17.81	4.9E-05	4E-06
18.01	4.3E-05	4E-06
18.21	4.7E-05	4E-06
18.41	3.8E-05	3E-06
18.61	3.6E-05	3E-06
18.81	3.8E-05	3E-06
19.01	3.4E-05	3E-06
19.21	3.7E-05	4E-06
19.41	3.6E-05	3E-06
19.61	3.4E-05	3E-06
19.81	3.7E-05	4E-06
20.01	3E-05	3E-06
20.21	3.1E-05	3E-06
20.41	3.1E-05	4E-06
20.61	2.7E-05	3E-06
20.81	3.4E-05	4E-06
21.01	2.6E-05	3E-06
21.21	2.4E-05	2E-06
21.41	2.8E-05	3E-06
21.61	2.7E-05	2E-06
21.81	2.3E-05	3E-06
22.01	2.5E-05	3E-06
22.21	2.3E-05	3E-06
22.41	1.9E-05	2E-06
22.61	2.4E-05	3E-06
22.81	1.9E-05	2E-06
23.01	1.6E-05	2E-06
23.21	2.3E-05	3E-06
23.41	1.7E-05	2E-06
23.61	2.2E-05	3E-06
23.81	1.8E-05	2E-06
24.01	1.9E-05	2E-06
24.21	1.8E-05	3E-06
24.41	1.8E-05	2E-06
24.61	1.9E-05	3E-06
24.81	1.5E-05	2E-06
25.01	1.5E-05	2E-06
25.21	1.5E-05	2E-06
25.41	1.3E-05	2E-06
25.61	1.6E-05	2E-06
25.81	1.3E-05	2E-06
26.01	1.2E-05	2E-06
26.21	1.2E-05	2E-06
26.41	1.4E-05	2E-06
26.61	1.4E-05	2E-06
26.81	1.2E-05	2E-06
27.01	1.2E-05	2E-06
27.21	1.7E-05	2E-06
27.41	1E-05	2E-06
27.61	9E-06	1E-06
27.81	1.3E-05	2E-06
28.01	1.2E-05	2E-06
28.21	1E-05	2E-06
28.41	1E-05	2E-06
28.61	1.1E-05	2E-06
28.81	1E-05	2E-06
29.01	9E-06	1E-06
29.21	8E-06	2E-06
29.41	8E-06	2E-06
29.61	1E-05	2E-06
29.81	9E-06	2E-06
30.01	9E-06	2E-06
30.21	1E-05	2E-06
30.41	9E-06	2E-06
30.61	8E-06	1E-06
30.81	9E-06	1E-06
31.01	8E-06	2E-06
31.21	5E-06	1E-06
31.41	6E-06	1E-06
31.61	5E-06	1E-06
31.81	7E-06	1E-06
32.01	4E-06	1E-06
32.21	5E-06	1E-06
32.41	6E-06	1E-06
32.61	8E-06	1E-06
32.81	5E-06	1E-06
33.01	5E-06	1E-06
33.21	7E-06	2E-06
33.41	5E-06	1E-06
33.61	5E-06	1E-06
33.81	5E-06	1E-06
34.01	5E-06	1E-06
34.21	1E-06	1E-06
34.41	3E-06	1E-06
34.61	3E-06	1E-06
34.81	5E-06	1E-06
35.01	3E-06	1E-06
35.21	4E-06	1E-06
35.41	4E-06	1E-06
35.61	4E-06	1E-06
35.81	5E-06	1E-06
36.01	4E-06	1E-06
36.21	4E-06	1E-06
36.41	3E-06	1E-06
36.61	3E-06	1E-06
36.81	3E-06	1E-06
37.01	3E-06	1E-06
37.21	3E-06	1E-06
37.41	6E-06	1E-06
37.61	3E-06	1E-06
37.81	3E-06	1E-06
38.01	5E-06	1E-06
38.21	3E-06	1E-06
38.41	4E-06	1E-06
38.61	4E-06	1E-06
38.81	2E-06	1E-06
39.01	2E-06	1E-06
39.21	3E-06	1E-06
39.41	3E-06	1E-06
39.61	3E-06	1E-06
39.81	2E-06	1E-06
40.01	3E-06	1E-06
40.21	2E-06	1E-06
40.41	3E-06	1E-06
40.61	3E-06	1E-06
40.81	1E-06	1E-06
41.01	3E-06	1E-06
41.21	3E-06	1E-06
41.41	2E-06	1E-06
41.61	2E-06	1E-06
41.81	2E-06	1E-06
42.01	2E-06	1E-06
42.21	4E-06	1E-06
42.41	2E-06	1E-06
42.61	3E-06	1E-06
42.81	2E-06	1E-06
43.01	2E-06	1E-06
43.21	3E-06	1E-06
43.41	4E-06	1E-06
43.61	2E-06	1E-06
43.81	2E-06	1E-06
44.01	2E-06	1E-06
44.21	1E-06	1E-06
44.41	3E-06	1E-06
44.61	3E-06	1E-06
44.81	2E-06	1E-06
45.01	2E-06	1E-06
45.21	2E-06	1E-06
45.41	2E-06	1E-06
45.61	3E-06	1E-06
45.81	1E-06	1E-06
46.01	2E-06	1E-06
46.21	2E-06	1E-06
46.41	2E-06	1E-06
46.61	1E-06	1E-06
46.81	1E-06	1E-06
47.01	2E-06	1E-06
47.21	2E-06	1E-06
47.41	2E-06	1E-06
47.61	1E-06	0
47.81	3E-06	1E-06
48.01	1E-06	1E-06
48.21	1E-06	0
48.41	2E-06	1E-06
48.61	2E-06	1E-06
48.81	2E-06	1E-06
49.01	2E-06	1E-06
49.21	2E-06	1E-06
49.41	1E-06	1E-06
49.61	0	0
49.81	1E-06	1E-06
50.01	1E-06	1E-06
50.21	2E-06	1E-06
50.41	1E-06	1E-06
50.61	2E-06	1E-06
50.81	2E-06	1E-06
51.01	1E-06	1E-06
51.21	1E-06	0
51.41	0	0
51.61	0	0
51.81	1E-06	0
52.01	1E-06	1E-06
52.21	2E-06	1E-06
52.41	2E-06	1E-06
52.61	1E-06	1E-06
52.81	0	0
53.01	1E-06	0
53.21	1E-06	0
53.41	0	0
53.61	0	0
53.81	0	0
54.01	0	0
54.21	2E-06	1E-06
54.41	1E-06	1E-06
54.61	2E-06	1E-06
54.81	1E-06	1E-06
55.01	0	0
55.21	1E-06	1E-06
55.41	2E-06	1E-06
55.61	1E-06	0
55.81	0	0
56.01	1E-06	1E-06
56.21	1E-06	0
56.41	0	0
56.61	1E-06	1E-06
56.81	1E-06	0
57.01	0	0
57.21	0	0
57.41	1E-06	0
57.61	0	0
57.81	2E-06	1E-06
58.01	1E-06	0
58.21	0	0
58.41	0	0
58.61	0	0
58.81	0	0
59.01	1E-06	0
59.21	1E-06	0
59.41	0	0
59.61	0	0
59.81	0	0

