0.000020 2.588371 6.438740 3.453179 0.999988 
0.460000 2.594102 6.455095 3.450001 0.999966 
0.920000 2.646618 6.618839 3.417746 0.999914 
1.380000 2.808032 7.146153 3.319624 0.999816 
1.840000 3.085544 8.046241 3.170536 0.999685 
2.300000 3.410841 9.068050 3.025349 0.999546 
2.760000 3.724570 10.038103 2.906666 0.999410 
3.220020 3.699730 9.909912 2.921176 0.999425 
3.680020 3.199705 7.768329 3.171880 0.999675 
4.140020 2.838910 5.865732 3.336247 0.999864 
4.600020 2.682145 4.962403 3.326132 0.999949 
5.060020 2.627051 4.658039 3.290209 0.999980 
5.520020 2.608962 4.588684 3.275948 0.999990 
5.980020 2.603071 4.600066 3.274817 0.999994 
6.440020 2.601077 4.638063 3.278632 0.999995 
6.900020 2.600311 4.684719 3.284052 0.999995 
7.360020 2.599929 4.734182 3.289932 0.999995 
7.820020 2.599663 4.784552 3.295900 0.999995 
8.280020 2.599429 4.835214 3.301837 0.999995 
8.740020 2.599200 4.885968 3.307707 0.999995 
9.200020 2.598969 4.936746 3.313500 0.999995 
9.660020 2.598731 4.987525 3.319215 0.999994 
10.120020 2.598487 5.038295 3.324851 0.999994 
10.580020 2.598235 5.089049 3.330409 0.999994 
11.040020 2.597977 5.139784 3.335891 0.999994 
11.500020 2.597711 5.190495 3.341297 0.999994 
11.960020 2.597437 5.241179 3.346628 0.999993 
12.420020 2.597156 5.291831 3.351884 0.999993 
12.880020 2.596867 5.342447 3.357066 0.999993 
13.340020 2.596571 5.393024 3.362175 0.999993 
13.800020 2.596267 5.443557 3.367211 0.999993 
14.260020 2.595954 5.494043 3.372174 0.999993 
14.720020 2.595634 5.544477 3.377064 0.999992 
15.180020 2.595305 5.594855 3.381883 0.999992 
15.640020 2.594968 5.645172 3.386630 0.999992 
16.100020 2.594623 5.695426 3.391305 0.999992 
16.560020 2.594269 5.745611 3.395910 0.999992 
17.020020 2.593907 5.795724 3.400444 0.999991 
17.480020 2.593536 5.845761 3.404908 0.999991 
17.940020 2.593157 5.895717 3.409302 0.999991 
18.400020 2.592768 5.945589 3.413627 0.999991 
18.860020 2.592371 5.995372 3.417883 0.999990 
19.320020 2.591964 6.045062 3.422071 0.999990 
19.780020 2.591549 6.094656 3.426191 0.999990 
20.240020 2.591124 6.144149 3.430243 0.999990 
20.700020 2.590690 6.193538 3.434229 0.999990 
21.160020 2.590247 6.242819 3.438148 0.999989 
21.620020 2.589794 6.291987 3.442002 0.999989 
22.080020 2.589332 6.341039 3.445791 0.999989 
22.540020 2.588860 6.389972 3.449516 0.999989 
23.000100 2.587427 6.426374 3.453645 1.000000 
