0.000100 2.586232 6.485352 3.487091 1.000000 
0.460000 2.592098 6.502079 3.483813 1.000000 
0.920000 2.645365 6.668270 3.451378 1.000000 
1.380000 2.808572 7.202673 3.353076 1.000000 
1.840000 3.088675 8.114667 3.203995 1.000000 
2.300000 3.416558 9.150397 3.058994 1.000000 
2.760000 3.732373 10.134566 2.940423 1.000000 
3.220100 3.707448 10.004444 2.955016 1.000000 
3.680100 3.204694 7.832552 3.206034 1.000000 
4.140100 2.841916 5.904971 3.368260 1.000000 
4.600100 2.684270 4.990090 3.353891 1.000000 
5.060100 2.628842 4.681774 3.315208 1.000000 
5.520100 2.610617 4.611408 3.299937 1.000000 
5.980100 2.604653 4.622791 3.298617 1.000000 
6.440100 2.602605 4.661133 3.302541 1.000000 
6.900100 2.601791 4.708253 3.308173 1.000000 
7.360100 2.601360 4.758225 3.314301 1.000000 
7.820100 2.601044 4.809127 3.320529 1.000000 
8.280100 2.600758 4.860334 3.326733 1.000000 
8.740100 2.600475 4.911645 3.332873 1.000000 
9.200100 2.600187 4.962990 3.338939 1.000000 
9.660100 2.599891 5.014347 3.344929 1.000000 
10.120100 2.599585 5.065703 3.350841 1.000000 
10.580100 2.599270 5.117053 3.356676 1.000000 
11.040100 2.598944 5.168393 3.362437 1.000000 
11.500100 2.598608 5.219719 3.368122 1.000000 
11.960100 2.598262 5.271025 3.373733 1.000000 
12.420100 2.597905 5.322309 3.379270 1.000000 
12.880100 2.597537 5.373565 3.384734 1.000000 
13.340100 2.597158 5.424789 3.390124 1.000000 
13.800100 2.596768 5.475978 3.395442 1.000000 
14.260100 2.596366 5.527127 3.400687 1.000000 
14.720100 2.595952 5.578230 3.405860 1.000000 
15.180100 2.595526 5.629285 3.410961 1.000000 
15.640100 2.595088 5.680286 3.415991 1.000000 
16.100100 2.594638 5.731229 3.420950 1.000000 
16.560100 2.594175 5.782110 3.425838 1.000000 
17.020100 2.593699 5.832924 3.430655 1.000000 
17.480100 2.593210 5.883667 3.435402 1.000000 
17.940100 2.592707 5.934334 3.440080 1.000000 
18.400100 2.592191 5.984920 3.444688 1.000000 
18.860100 2.591662 6.035422 3.449228 1.000000 
19.320100 2.591118 6.085835 3.453700 1.000000 
19.780100 2.590560 6.136154 3.458104 1.000000 
20.240100 2.589988 6.186374 3.462441 1.000000 
20.700100 2.589401 6.236493 3.466711 1.000000 
21.160100 2.588799 6.286504 3.470916 1.000000 
21.620100 2.588182 6.336405 3.475055 1.000000 
22.080100 2.587550 6.386189 3.479130 1.000000 
22.540100 2.586903 6.435854 3.483141 1.000000 
23.000100 2.585322 6.486374 3.495642 1.000000 
