0.5 39223.25 222.569549462244
1 36715.7083333333 229.967948459868
1.5 34168.3333333333 235.505057024383
2 31782.0833333333 236.735698648287
2.5 29623.125 236.452177810449
3 27661.25 238.229660840853
3.5 26065.2916666667 236.734005780229
4 25398.9166666667 233.633156645323
4.5 26952.5 232.982253476059
5 29228.2916666667 224.741950412829
5.5 31148.125 218.702929842604
6 32801.7083333333 211.239476540905
6.5 34215.0833333333 205.674668531062
7 35413.4583333333 203.249394708263
7.5 36415.75 204.929640099485
8 37301.0833333333 203.701349308602
8.5 38059.875 201.643890257704
9 38719.875 201.109879656998
9.5 39277.25 194.054185619692
10 39784.625 191.380338933849
10.5 40242.7916666667 193.249520876096
11 40628.375 194.580769526604
11.5 40909.375 192.698347841567
12 41166.5 196.16702732288
12.5 41375.625 201.223369828699
13 41612.5833333333 196.409279127887
13.5 41778.9583333333 200.107505707756
14 41935.5 202.989286502472
14.5 42093.5 205.487907186773
15 42247 198.204549590217
15.5 42334.7083333333 202.574967157447
16 42404.7916666667 203.33221459659
16.5 42502.5833333333 203.897569481786
17 42563.875 206.069876814722
17.5 42591.9166666667 206.250686779709
18 42593.6666666667 200.2779778353
18.5 42629.8333333333 204.501818141523
19 42655.5416666667 207.740699402899
19.5 42671.2083333333 202.287234260908
20 42652.3333333333 201.66165091379
20.5 42656.1666666667 205.649610548721
21 42664.875 203.153104075848
21.5 42672.875 201.756162020007
22 42682.3333333333 204.425835742062
22.5 42673.4583333333 207.9712436574
23 2663.2916666667 211.997542882944

