0.000001 183.894348 99815.150204 99999.044552 0.666312 0.666336 0.003292
0.500013 3186.426935 28578.976833 31765.403768 1.209403 2.335884 2.416654
1.000122 3528.402495 8475.802953 12004.205448 1.537264 1.469527 1.852030
1.500083 3245.305244 2729.872454 5975.177699 1.758319 0.865125 1.718842
2.000214 2868.355906 1041.754328 3910.110234 1.897072 0.550916 1.809478
2.500509 2522.389257 512.617872 3035.007128 1.960972 0.377728 1.897593
3.002943 2228.313391 322.846232 2551.159623 1.984164 0.293143 1.954979
3.501432 1982.169043 237.797607 2219.966650 1.975464 0.251488 1.970483
4.000961 1774.990580 190.045570 1965.036151 1.948215 0.224447 1.959136
4.001174 1774.528768 191.045570 1965.574338 1.948090 0.224447 1.959020
4.500786 1590.476069 992.478360 2582.954430 1.904524 1.147595 2.273139
5.000130 1434.150204 3600.038187 5034.188391 1.848576 4.118155 4.630645
5.500015 1299.990835 12216.532587 13516.523422 1.794407 13.994714 14.229347
6.000031 1184.052953 40786.935591 41970.988544 1.731780 46.797627 46.942668
6.500013 1083.363035 98916.636965 100000.000000 1.678408 1.678408 0.000000
7.000011 995.143075 99004.856925 100000.000000 1.624218 1.624218 0.000000
7.500011 917.532332 99082.467668 100000.000000 1.572593 1.572593 0.000000
8.000002 848.515275 99151.484725 100000.000000 1.523395 1.523395 0.000000
8.500004 787.117363 99212.882637 100000.000000 1.472997 1.472997 0.000000
9.000005 732.282077 99267.717923 100000.000000 1.424342 1.424342 0.000000
9.500006 682.888493 99317.111507 100000.000000 1.379259 1.379259 0.000000
10.000002 638.378310 99361.621690 100000.000000 1.335958 1.335958 0.000000
10.500008 598.139766 99401.860234 100000.000000 1.294593 1.294593 0.000000
11.000013 561.548371 99438.451629 100000.000000 1.253726 1.253726 0.000000
11.500007 528.150713 99471.849287 100000.000000 1.217041 1.217041 0.000000
12.000002 497.685591 99502.314409 100000.000000 1.178593 1.178593 0.000000
12.500001 469.812882 99530.187118 100000.000000 1.143102 1.143102 0.000000
13.000002 444.222251 99555.777749 100000.000000 1.108354 1.108354 0.000000
13.500005 420.595468 99579.404532 100000.000000 1.076633 1.076633 0.000000
14.000001 398.749745 99601.250255 100000.000000 1.046348 1.046348 0.000000
14.500000 378.728360 99621.271640 100000.000000 1.015753 1.015753 0.000000
15.000003 359.978106 99640.021894 100000.000000 0.988679 0.988679 0.000000
15.500000 342.595468 99657.404532 100000.000000 0.961903 0.961903 0.000000
16.000002 326.475305 99673.524695 100000.000000 0.937302 0.937302 0.000000
16.500004 311.444501 99688.555499 100000.000000 0.911791 0.911791 0.000000
17.000011 297.478360 99702.521640 100000.000000 0.886273 0.886273 0.000000
17.500002 284.492872 99715.507128 100000.000000 0.862862 0.862862 0.000000
18.000003 272.279277 99727.720723 100000.000000 0.840576 0.840576 0.000000
18.500004 260.775458 99739.224542 100000.000000 0.819963 0.819963 0.000000
19.000001 250.031568 99749.968432 100000.000000 0.800367 0.800367 0.000000
19.500000 239.869399 99760.130601 100000.000000 0.781538 0.781538 0.000000
20.000004 230.390530 99769.609470 100000.000000 0.763931 0.763931 0.000000
20.500005 221.409114 99778.590886 100000.000000 0.747337 0.747337 0.000000
21.000002 212.997454 99787.002546 100000.000000 0.731784 0.731784 0.000000
21.500001 205.003564 99794.996436 100000.000000 0.715270 0.715270 0.000000
22.000001 197.383656 99802.616344 100000.000000 0.699376 0.699376 0.000000
22.500015 190.298880 99809.701120 100000.000000 0.685000 0.685000 0.000000
23.000013 183.628819 99816.371181 100000.000000 0.670852 0.670852 0.000000
