0.000005 411.357179 99587.695010 99999.052189 1.342843 1.342790 0.003549
0.500004 3510.393075 28441.019857 31951.412933 1.695319 2.345142 2.600942
1.000001 3988.633910 8353.401731 12342.035642 1.971428 1.459488 2.190329
1.500078 3803.077138 2639.305754 6442.382892 2.198120 0.870126 2.122713
2.000640 3485.094959 981.465886 4466.560845 2.373341 0.546408 2.262940
2.500092 3171.603615 476.352342 3647.955957 2.488655 0.373910 2.392720
3.001465 2892.310081 303.720214 3196.030295 2.553074 0.302696 2.483085
3.500253 2648.792261 231.332994 2880.125255 2.587329 0.252006 2.546430
4.000772 2436.653259 191.599287 2628.252546 2.600463 0.228370 2.580219
4.502190 2250.968686 164.247454 2415.216141 2.599647 0.210947 2.599075
5.000335 2087.570774 143.141293 2230.712067 2.581502 0.195675 2.595202
5.001082 2087.080193 144.141293 2231.221487 2.581419 0.195675 2.595150
5.500314 1934.985489 771.277495 2706.262984 2.555293 0.988568 2.794947
6.000056 1799.867363 2822.881110 4622.748473 2.525994 3.568798 4.498331
6.500140 1679.515020 9609.642821 11289.157841 2.485664 12.116446 12.519039
7.000007 1571.534369 32117.966904 33689.501273 2.444415 40.442692 40.664192
7.500003 1474.480397 97827.601578 99302.081976 2.403344 34.677003 34.738829
8.000014 1386.798880 98613.200866 99999.999745 2.359292 2.359296 0.000255
8.500005 1307.189919 98692.810081 100000.000000 2.312788 2.312788 0.000000
9.000007 1234.931517 98765.068483 100000.000000 2.266836 2.266836 0.000000
9.500001 1168.706976 98831.293024 100000.000000 2.221430 2.221430 0.000000
10.000005 1108.401477 98891.598269 99999.999745 2.178239 2.178241 0.000255
10.500001 1052.466395 98947.533605 100000.000000 2.133711 2.133711 0.000000
11.000004 1001.034878 98998.965122 100000.000000 2.092219 2.092219 0.000000
11.500001 953.622454 99046.377546 100000.000000 2.048685 2.048685 0.000000
12.000002 909.913951 99090.086049 100000.000000 2.005540 2.005540 0.000000
12.500003 869.172607 99130.827393 100000.000000 1.965445 1.965445 0.000000
13.000003 831.275204 99168.724796 100000.000000 1.929126 1.929126 0.000000
13.500003 795.812627 99204.187373 100000.000000 1.892626 1.892626 0.000000
14.000004 762.660896 99237.339104 100000.000000 1.857411 1.857411 0.000000
14.500002 731.894603 99268.105397 100000.000000 1.819328 1.819328 0.000000
15.000000 703.092159 99296.907841 100000.000000 1.784439 1.784439 0.000000
15.500003 676.032077 99323.967923 100000.000000 1.749213 1.749213 0.000000
16.000001 650.505346 99349.494654 100000.000000 1.716731 1.716731 0.000000
16.500003 626.545316 99373.454430 99999.999745 1.683995 1.683997 0.000255
17.000004 603.878819 99396.121181 100000.000000 1.651790 1.651790 0.000000
17.500002 582.596996 99417.402749 99999.999745 1.620271 1.620279 0.000255
18.000011 562.447556 99437.552444 100000.000000 1.591442 1.591442 0.000000
18.500002 543.397149 99456.602851 100000.000000 1.563257 1.563257 0.000000
19.000004 525.431772 99474.568228 100000.000000 1.535181 1.535181 0.000000
19.500000 508.488544 99491.511456 100000.000000 1.508606 1.508606 0.000000
20.000002 492.274949 99507.725051 100000.000000 1.482989 1.482989 0.000000
20.500002 476.805754 99523.194246 100000.000000 1.457630 1.457630 0.000000
21.000003 462.176935 99537.823065 100000.000000 1.434667 1.434667 0.000000
21.500005 448.179481 99551.820519 100000.000000 1.410852 1.410852 0.000000
22.000004 434.933299 99565.066701 100000.000000 1.388839 1.388839 0.000000
22.500001 422.260947 99577.739053 100000.000000 1.367679 1.367679 0.000000
23.000005 410.209521 99589.790479 100000.000000 1.346843 1.346843 0.000000
