0.000001 68.584267 99930.464104 99999.048371 0.312784 0.312765 0.003423
0.500024 2883.160132 28735.635438 31618.795570 1.052648 2.316321 2.383891
1.000023 3010.094959 8638.680244 11648.775204 1.407871 1.468334 1.794520
1.500023 2607.329430 2844.504073 5451.833503 1.584459 0.884181 1.603657
2.000149 2178.924134 1102.590377 3281.514511 1.643690 0.553812 1.614840
2.501346 1822.635692 534.811354 2357.447047 1.622208 0.376416 1.624754
3.000177 1540.693992 321.268075 1861.962067 1.574781 0.290393 1.604471
3.000924 1540.293024 322.268075 1862.561100 1.574735 0.290393 1.604441
3.500010 1304.457230 1532.625000 2837.082230 1.508090 1.429447 2.149948
4.000028 1118.908605 5452.735489 6571.644094 1.431906 5.133405 5.442659
4.500023 970.021894 18397.435845 19367.457739 1.349162 17.385841 17.540862
5.000007 848.826629 61314.484980 62163.311609 1.276307 58.112675 58.222343
5.500004 748.728615 99251.271385 100000.000000 1.209826 1.209826 0.000000
6.000000 665.242872 99334.757128 100000.000000 1.146324 1.146324 0.000000
6.500004 594.360743 99405.639257 100000.000000 1.083555 1.083555 0.000000
7.000004 534.056772 99465.943228 100000.000000 1.025619 1.025619 0.000000
7.500004 482.364817 99517.635183 100000.000000 0.971945 0.971945 0.000000
8.000003 437.688900 99562.311100 100000.000000 0.920607 0.920607 0.000000
8.500004 398.741599 99601.258401 100000.000000 0.875160 0.875160 0.000000
9.000001 364.616090 99635.383910 100000.000000 0.834733 0.834733 0.000000
9.500005 334.358961 99665.641039 100000.000000 0.796097 0.796097 0.000000
10.000003 307.689409 99692.310591 100000.000000 0.758209 0.758209 0.000000
10.500002 283.864053 99716.135947 100000.000000 0.724823 0.724823 0.000000
11.000000 262.755092 99737.244908 100000.000000 0.692140 0.692140 0.000000
11.500006 243.778768 99756.221232 100000.000000 0.665286 0.665286 0.000000
12.000002 226.750509 99773.249491 100000.000000 0.637921 0.637921 0.000000
12.500012 211.371690 99788.628310 100000.000000 0.612129 0.612129 0.000000
13.000004 197.502800 99802.497200 100000.000000 0.588418 0.588418 0.000000
13.500000 184.821283 99815.178717 100000.000000 0.567779 0.567779 0.000000
14.000002 173.270112 99826.729888 100000.000000 0.547415 0.547415 0.000000
14.500004 162.644857 99837.355143 100000.000000 0.527736 0.527736 0.000000
15.000000 153.013493 99846.986507 100000.000000 0.508143 0.508143 0.000000
15.500007 144.217159 99855.782587 99999.999745 0.491006 0.491005 0.000255
16.000005 136.038697 99863.961303 100000.000000 0.473851 0.473851 0.000000
16.500011 128.562373 99871.437627 100000.000000 0.458842 0.458842 0.000000
17.000002 121.676935 99878.323065 100000.000000 0.444478 0.444478 0.000000
17.500001 115.239817 99884.760183 100000.000000 0.430756 0.430756 0.000000
18.000001 109.303462 99890.696538 100000.000000 0.417400 0.417400 0.000000
18.500000 103.848269 99896.151731 100000.000000 0.404625 0.404625 0.000000
19.000007 98.710285 99901.289715 100000.000000 0.392561 0.392561 0.000000
19.500004 93.952902 99906.047098 100000.000000 0.380390 0.380390 0.000000
20.000004 89.517821 99910.482179 100000.000000 0.370266 0.370266 0.000000
20.500008 85.408350 99914.591650 100000.000000 0.359828 0.359828 0.000000
21.000006 81.517312 99918.482688 100000.000000 0.349754 0.349754 0.000000
21.500006 77.924134 99922.075866 100000.000000 0.339862 0.339862 0.000000
22.000015 74.554226 99925.445774 100000.000000 0.331287 0.331287 0.000000
22.500005 71.412169 99928.587831 100000.000000 0.323015 0.323015 0.000000
23.000002 68.405041 99931.594959 100000.000000 0.315305 0.315305 0.000000
