0.000100 2.778855 1.033863 0.413261 1.000012 
0.460100 2.780246 1.033278 0.413815 1.000035 
0.920100 2.792812 1.029131 0.417529 1.000088 
1.380100 2.830933 1.018992 0.425268 1.000180 
1.840100 2.893074 1.003701 0.436388 1.000291 
2.300100 2.961564 0.987181 0.448769 1.000396 
2.760100 3.025148 0.972913 0.459364 1.000494 
3.220100 3.019503 0.971782 0.461309 1.000481 
3.680100 2.912666 0.967089 0.471218 1.000279 
4.140100 2.832620 0.946912 0.483565 1.000118 
4.600100 2.797633 0.934598 0.486967 1.000044 
5.060100 2.785531 0.931181 0.486403 1.000016 
5.520100 2.781673 0.931759 0.484712 1.000007 
5.980100 2.780475 0.933767 0.482718 1.000004 
6.440100 2.780104 0.936252 0.480649 1.000003 
6.900100 2.779988 0.938893 0.478570 1.000003 
7.360100 2.779948 0.941584 0.476498 1.000003 
7.820100 2.779932 0.944291 0.474440 1.000003 
8.280100 2.779922 0.947005 0.472394 1.000003 
8.740100 2.779914 0.949720 0.470363 1.000003 
9.200100 2.779907 0.952436 0.468345 1.000003 
9.660100 2.779899 0.955154 0.466341 1.000003 
10.120100 2.779891 0.957872 0.464350 1.000004 
10.580100 2.779882 0.960591 0.462373 1.000004 
11.040100 2.779873 0.963310 0.460409 1.000004 
11.500100 2.779864 0.966030 0.458457 1.000004 
11.960100 2.779854 0.968751 0.456519 1.000004 
12.420100 2.779843 0.971473 0.454593 1.000005 
12.880100 2.779832 0.974196 0.452679 1.000005 
13.340100 2.779821 0.976920 0.450779 1.000005 
13.800100 2.779809 0.979644 0.448890 1.000005 
14.260100 2.779796 0.982370 0.447013 1.000006 
14.720100 2.779782 0.985096 0.445149 1.000006 
15.180100 2.779768 0.987823 0.443296 1.000006 
15.640100 2.779754 0.990552 0.441455 1.000006 
16.100100 2.779739 0.993281 0.439625 1.000007 
16.560100 2.779723 0.996012 0.437807 1.000007 
17.020100 2.779706 0.998744 0.436001 1.000007 
17.480100 2.779688 1.001476 0.434206 1.000008 
17.940100 2.779670 1.004210 0.432421 1.000008 
18.400100 2.779651 1.006945 0.430648 1.000008 
18.860100 2.779631 1.009682 0.428886 1.000009 
19.320100 2.779611 1.012419 0.427134 1.000009 
19.780100 2.779589 1.015158 0.425393 1.000009 
20.240100 2.779567 1.017899 0.423663 1.000010 
20.700100 2.779544 1.020640 0.421943 1.000010 
21.160100 2.779520 1.023383 0.420233 1.000010 
21.620100 2.779495 1.026127 0.418534 1.000011 
22.080100 2.779469 1.028873 0.416845 1.000011 
22.540100 2.779442 1.031620 0.415166 1.000012 
23.000100 2.778855 1.033863 0.413261 1.000012 
