0.000100 4.410863 6.848238 0.796788 0.999088 
0.460100 4.408392 6.832678 0.806184 0.997365 
0.920100 4.436969 6.781160 0.826286 0.993383 
1.380100 4.541439 6.679395 0.857774 0.986826 
1.840100 4.711682 6.538265 0.898959 0.979653 
2.300100 4.888515 6.395857 0.944149 0.973730 
2.760100 5.040187 6.283303 0.986145 0.969043 
3.220100 5.025515 6.277841 0.984278 0.969617 
3.680100 4.730341 6.233468 0.944878 0.979868 
4.140100 4.442456 5.950325 0.930293 0.990326 
4.600100 4.290798 5.721434 0.917295 0.996081 
5.060100 4.234405 5.639716 0.905473 0.998352 
5.520100 4.217522 5.636234 0.896545 0.999123 
5.980100 4.214425 5.661753 0.889450 0.999357 
6.440100 4.215957 5.696544 0.883355 0.999412 
6.900100 4.219103 5.733836 0.877875 0.999410 
7.360100 4.222885 5.771443 0.872841 0.999391 
7.820100 4.226983 5.808697 0.868166 0.999369 
8.280100 4.231285 5.845423 0.863802 0.999346 
8.740100 4.235748 5.881596 0.859712 0.999325 
9.200100 4.240348 5.917240 0.855870 0.999306 
9.660100 4.245072 5.952387 0.852253 0.999289 
10.120100 4.249910 5.987073 0.848840 0.999272 
10.580100 4.254852 6.021328 0.845614 0.999257 
11.040100 4.259892 6.055182 0.842560 0.999244 
11.500100 4.265021 6.088661 0.839664 0.999231 
11.960100 4.270234 6.121788 0.836915 0.999219 
12.420100 4.275525 6.154585 0.834300 0.999208 
12.880100 4.280890 6.187071 0.831811 0.999198 
13.340100 4.286323 6.219264 0.829439 0.999189 
13.800100 4.291820 6.251180 0.827175 0.999180 
14.260100 4.297377 6.282835 0.825012 0.999172 
14.720100 4.302991 6.314242 0.822943 0.999164 
15.180100 4.308658 6.345415 0.820963 0.999157 
15.640100 4.314376 6.376363 0.819066 0.999150 
16.100100 4.320142 6.407100 0.817246 0.999144 
16.560100 4.325952 6.437635 0.815500 0.999139 
17.020100 4.331804 6.467976 0.813822 0.999133 
17.480100 4.337697 6.498135 0.812209 0.999128 
17.940100 4.343627 6.528117 0.810657 0.999123 
18.400100 4.349594 6.557932 0.809163 0.999119 
18.860100 4.355594 6.587586 0.807723 0.999115 
19.320100 4.361627 6.617087 0.806334 0.999111 
19.780100 4.367690 6.646440 0.804995 0.999107 
20.240100 4.373782 6.675652 0.803701 0.999104 
20.700100 4.379902 6.704728 0.802451 0.999101 
21.160100 4.386048 6.733674 0.801243 0.999098 
21.620100 4.392218 6.762495 0.800075 0.999095 
22.080100 4.398413 6.791196 0.798944 0.999093 
22.540100 4.404629 6.819781 0.797849 0.999090 
23.000100 4.400863 6.818238 0.7967852 0.9990890 

