0.000100 2.769736 1.019376 0.419373 0.999985 
0.460100 2.770936 1.018831 0.420172 0.999955 
0.920100 2.782898 1.015052 0.423927 0.999887 
1.380100 2.819859 1.005654 0.431530 0.999770 
1.840100 2.880582 0.991162 0.442661 0.999628 
2.300100 2.947792 0.975164 0.455588 0.999493 
2.760100 3.010293 0.961090 0.467412 0.999368 
3.220100 3.004780 0.960024 0.469023 0.999385 
3.680100 2.900080 0.955828 0.475118 0.999643 
4.140100 2.821816 0.936339 0.484529 0.999849 
4.600100 2.787677 0.924425 0.486633 0.999944 
5.060100 2.775895 0.921153 0.485636 0.999979 
5.520100 2.772155 0.921761 0.483845 0.999991 
5.980100 2.771005 0.923756 0.481868 0.999995 
6.440100 2.770660 0.926213 0.479859 0.999996 
6.900100 2.770563 0.928819 0.477858 0.999996 
7.360100 2.770541 0.931472 0.475874 0.999996 
7.820100 2.770543 0.934138 0.473910 0.999996 
8.280100 2.770552 0.936808 0.471965 0.999996 
8.740100 2.770564 0.939477 0.470041 0.999996 
9.200100 2.770578 0.942144 0.468137 0.999996 
9.660100 2.770592 0.944809 0.466252 0.999995 
10.120100 2.770608 0.947472 0.464388 0.999995 
10.580100 2.770624 0.950133 0.462543 0.999995 
11.040100 2.770641 0.952792 0.460719 0.999994 
11.500100 2.770660 0.955448 0.458914 0.999994 
11.960100 2.770679 0.958102 0.457129 0.999994 
12.420100 2.770699 0.960753 0.455364 0.999994 
12.880100 2.770720 0.963401 0.453618 0.999993 
13.340100 2.770742 0.966047 0.451892 0.999993 
13.800100 2.770765 0.968690 0.450186 0.999993 
14.260100 2.770790 0.971331 0.448499 0.999992 
14.720100 2.770815 0.973968 0.446831 0.999992 
15.180100 2.770842 0.976603 0.445183 0.999991 
15.640100 2.770869 0.979235 0.443554 0.999991 
16.100100 2.770898 0.981864 0.441945 0.999991 
16.560100 2.770928 0.984489 0.440354 0.999990 
17.020100 2.770959 0.987112 0.438782 0.999990 
17.480100 2.770992 0.989732 0.437229 0.999990 
17.940100 2.771025 0.992348 0.435694 0.999989 
18.400100 2.771060 0.994962 0.434179 0.999989 
18.860100 2.771097 0.997572 0.432681 0.999988 
19.320100 2.771134 1.000179 0.431202 0.999988 
19.780100 2.771173 1.002782 0.429742 0.999988 
20.240100 2.771213 1.005383 0.428299 0.999987 
20.700100 2.771254 1.007980 0.426874 0.999987 
21.160100 2.771297 1.010573 0.425468 0.999986 
21.620100 2.771341 1.013163 0.424078 0.999986 
22.080100 2.771386 1.015750 0.422707 0.999986 
22.540100 2.771433 1.018333 0.421353 0.999985 
23.000100 2.769736 1.019376 0.419373 0.999985
