0.000009 82.349057 99916.700629 99999.049686 0.388287 0.388190 0.003853
0.500020 3278.381132 28483.947170 31762.328302 1.136074 2.523028 2.590885
1.000043 3871.083333 8302.475786 12173.559119 1.404942 1.578548 1.946820
1.500127 3761.128616 2581.502516 6342.631132 1.616741 0.931361 1.684613
2.000068 3482.080189 942.617925 4424.698113 1.804582 0.588543 1.710663
2.500251 3178.970440 459.677673 3638.648113 1.960108 0.427957 1.839648
3.001073 2891.888994 304.699371 3196.588365 2.076672 0.344654 1.969833
3.500203 2629.199686 243.788365 2872.988050 2.163026 0.302329 2.079390
4.000156 2391.432075 210.600943 2602.033019 2.207504 0.272200 2.153392
4.502264 2176.397484 187.388679 2363.786164 2.218518 0.245335 2.199220
5.000715 1981.971069 168.757233 2150.728302 2.221462 0.236114 2.219049
5.000854 1981.474214 169.757233 2151.231447 2.221425 0.236114 2.219050
5.500074 1797.437736 919.885220 2717.322956 2.210266 1.182436 2.459295
6.000054 1630.986792 3378.559119 5009.545912 2.174044 4.204191 4.665702
6.500034 1481.346541 11508.108176 12989.454717 2.118923 14.278112 14.378994
7.000010 1345.738679 38484.179560 39829.918239 2.057337 47.658120 47.639022
7.500001 1223.664465 98775.370440 99999.034906 1.987003 2.166716 0.894665
8.000002 1113.569182 98886.430818 100000.000000 1.915789 1.915789 0.000000
8.500005 1013.692453 98986.307547 100000.000000 1.846625 1.846625 0.000000
9.000002 923.541195 99076.458805 100000.000000 1.771218 1.771218 0.000000
9.500002 841.746541 99158.253459 100000.000000 1.699404 1.699404 0.000000
10.000004 767.891509 99232.108176 99999.999686 1.625450 1.625452 0.000314
10.500005 700.795597 99299.204403 100000.000000 1.545726 1.545726 0.000000
11.000003 639.816352 99360.183648 100000.000000 1.475980 1.475980 0.000000
11.500007 584.373585 99415.626415 100000.000000 1.399628 1.399628 0.000000
12.000006 534.213208 99465.786792 100000.000000 1.332434 1.332434 0.000000
12.500016 488.533019 99511.466981 100000.000000 1.265354 1.265354 0.000000
13.000001 446.709119 99553.290881 100000.000000 1.199773 1.199773 0.000000
13.500000 408.961321 99591.038679 100000.000000 1.138390 1.138390 0.000000
14.000005 374.307547 99625.692453 100000.000000 1.081035 1.081035 0.000000
14.500018 342.907862 99657.092138 100000.000000 1.025800 1.025800 0.000000
15.000005 314.250943 99685.749057 100000.000000 0.970338 0.970338 0.000000
15.500002 288.111006 99711.888994 100000.000000 0.917462 0.917462 0.000000
16.000000 264.293711 99735.706289 100000.000000 0.868836 0.868836 0.000000
16.500002 242.595283 99757.404717 100000.000000 0.821388 0.821388 0.000000
17.000002 222.680818 99777.319182 100000.000000 0.775684 0.775684 0.000000
17.500002 204.599686 99795.400314 100000.000000 0.729712 0.729712 0.000000
18.000005 187.942138 99812.057862 100000.000000 0.690633 0.690633 0.000000
18.500013 172.710063 99827.289937 100000.000000 0.652072 0.652072 0.000000
19.000001 158.825786 99841.174214 100000.000000 0.614732 0.614732 0.000000
19.500005 146.087107 99853.912893 100000.000000 0.579798 0.579798 0.000000
20.000001 134.501887 99865.498113 100000.000000 0.546545 0.546545 0.000000
20.500008 123.770755 99876.229245 100000.000000 0.514205 0.514205 0.000000
21.000006 113.959434 99886.040566 100000.000000 0.485109 0.485109 0.000000
21.500004 104.912893 99895.087107 100000.000000 0.456735 0.456735 0.000000
22.000001 96.693082 99903.306918 100000.000000 0.430940 0.430940 0.000000
22.500006 89.124843 99910.875157 100000.000000 0.406914 0.406914 0.000000
23.000005 82.166038 99917.833962 100000.000000 0.384520 0.384520 0.000000
