0.000005 8.344363 99990.703676 99999.048039 0.058509 0.058449 0.003348
0.500003 3033.047304 28622.053431 31655.100735 0.916618 2.259721 2.294994
1.000044 3368.776471 8493.150735 11861.927206 1.162137 1.412326 1.625156
1.500427 3050.338971 2755.888235 5806.227206 1.352489 0.837326 1.367646
2.000739 2626.102206 1076.151225 3702.253431 1.454699 0.533564 1.398019
2.500279 2232.321569 549.786765 2782.108333 1.496010 0.380557 1.453765
3.000885 1894.111765 359.275980 2253.387745 1.489825 0.304922 1.474845
3.001037 1893.694853 360.275980 2253.970833 1.489628 0.304922 1.474708
3.500728 1593.829412 1783.762745 3377.592157 1.444219 1.502954 1.988971
4.000082 1345.740931 6404.775245 7750.516176 1.378657 5.377633 5.447914
4.500004 1140.422549 21670.200735 22810.623284 1.300773 18.182616 18.136920
5.000003 969.785784 72276.342647 73246.128431 1.211280 60.751674 60.677603
5.500000 826.753186 99173.246814 100000.000000 1.125158 1.125158 0.000000
6.000010 706.598775 99293.401225 100000.000000 1.040206 1.040206 0.000000
6.500000 605.541176 99394.458824 100000.000000 0.961623 0.961623 0.000000
7.000003 520.221324 99479.778676 100000.000000 0.877495 0.877495 0.000000
7.500006 447.883088 99552.116912 100000.000000 0.803269 0.803269 0.000000
8.000004 386.217157 99613.782843 100000.000000 0.736897 0.736897 0.000000
8.500004 333.696569 99666.303431 100000.000000 0.676118 0.676118 0.000000
9.000003 288.879902 99711.120098 100000.000000 0.614965 0.614965 0.000000
9.500001 250.442647 99749.557353 100000.000000 0.560602 0.560602 0.000000
10.000002 217.496814 99782.503186 100000.000000 0.512055 0.512055 0.000000
10.500019 189.005147 99810.994853 100000.000000 0.465353 0.465353 0.000000
11.000003 164.618137 99835.381863 100000.000000 0.423899 0.423899 0.000000
11.500003 143.594853 99856.405147 100000.000000 0.387161 0.387161 0.000000
12.000009 125.418627 99874.581373 100000.000000 0.355200 0.355200 0.000000
12.500002 109.727206 99890.272794 100000.000000 0.325177 0.325177 0.000000
13.000001 96.085049 99903.914951 100000.000000 0.297856 0.297856 0.000000
13.500002 84.292892 99915.707108 100000.000000 0.272891 0.272891 0.000000
14.000001 74.065686 99925.934314 100000.000000 0.249767 0.249767 0.000000
14.500006 65.087500 99934.912500 100000.000000 0.229594 0.229594 0.000000
15.000002 57.238725 99942.761275 100000.000000 0.210150 0.210150 0.000000
15.500001 50.462255 99949.537745 100000.000000 0.193744 0.193744 0.000000
16.000001 44.465441 99955.534559 100000.000000 0.176802 0.176802 0.000000
16.500000 39.230147 99960.769853 100000.000000 0.162970 0.162970 0.000000
17.000003 34.631863 99965.368137 100000.000000 0.150063 0.150063 0.000000
17.500002 30.666422 99969.333578 100000.000000 0.137937 0.137937 0.000000
18.000000 27.157353 99972.842647 100000.000000 0.127253 0.127253 0.000000
18.500008 24.013725 99975.986275 100000.000000 0.115558 0.115558 0.000000
19.000008 21.254657 99978.745343 100000.000000 0.107079 0.107079 0.000000
19.500002 18.837255 99981.162745 100000.000000 0.098529 0.098529 0.000000
20.000001 16.737990 99983.262010 100000.000000 0.091069 0.091069 0.000000
20.500008 14.886520 99985.113480 100000.000000 0.084143 0.084143 0.000000
21.000001 13.264951 99986.735049 100000.000000 0.078417 0.078417 0.000000
21.500012 11.823529 99988.176471 100000.000000 0.072621 0.072621 0.000000
22.000003 10.533578 99989.466422 100000.000000 0.067138 0.067138 0.000000
22.500000 9.379902 99990.620098 100000.000000 0.062149 0.062149 0.000000
23.000005 8.375000 99991.625000 100000.000000 0.057724 0.057724 0.000000
