0.000000 30.372327 99968.678616 99999.050943 0.167565 0.167518 0.003899
0.500020 3165.485849 28536.062893 31701.548742 1.042871 2.515743 2.586106
1.000000 3659.049057 8377.009119 12036.058176 1.301283 1.582773 1.872590
1.500052 3462.051887 2654.071069 6116.122956 1.511241 0.936614 1.562679
2.000150 3115.235849 1003.543711 4118.779560 1.685225 0.611084 1.586367
2.500301 2764.689623 504.895912 3269.585535 1.792237 0.430296 1.692405
3.000272 2445.824843 335.258491 2781.083333 1.859759 0.336917 1.794312
3.500061 2163.836164 263.119497 2426.955660 1.883630 0.292135 1.855950
4.002183 1916.395597 221.737421 2138.133019 1.880523 0.268491 1.873870
4.004094 1915.926101 222.737421 2138.663522 1.880769 0.268491 1.874160
4.500148 1687.973899 1181.620440 2869.594340 1.851111 1.324153 2.231252
5.000048 1489.088050 4309.653145 5798.741195 1.803045 4.803264 5.084573
5.500014 1315.457547 14650.502516 15965.960063 1.741996 16.244124 16.294710
6.000004 1163.909748 48936.885849 50100.795597 1.667391 54.207175 54.198407
6.500008 1030.775157 98969.224843 100000.000000 1.588968 1.588968 0.000000
7.000007 913.730503 99086.269497 100000.000000 1.505163 1.505163 0.000000
7.500002 811.246226 99188.753774 100000.000000 1.422611 1.422611 0.000000
8.000002 721.184906 99278.815094 100000.000000 1.341027 1.341027 0.000000
8.500004 641.377673 99358.622327 100000.000000 1.260940 1.260940 0.000000
9.000001 571.222956 99428.776730 99999.999686 1.181987 1.181985 0.000314
9.500000 509.324843 99490.675157 100000.000000 1.106153 1.106153 0.000000
10.000007 454.605346 99545.394654 100000.000000 1.037908 1.037908 0.000000
10.500003 405.961950 99594.038050 100000.000000 0.969289 0.969289 0.000000
11.000001 362.968553 99637.031447 100000.000000 0.905943 0.905943 0.000000
11.500002 324.926730 99675.073270 100000.000000 0.846117 0.846117 0.000000
12.000013 291.055031 99708.944969 100000.000000 0.788090 0.788090 0.000000
12.500002 260.841509 99739.158491 100000.000000 0.733139 0.733139 0.000000
13.000002 233.824528 99766.175472 100000.000000 0.679891 0.679891 0.000000
13.500000 209.832704 99790.167296 100000.000000 0.634337 0.634337 0.000000
14.000004 188.484277 99811.515723 100000.000000 0.592926 0.592926 0.000000
14.500002 169.514465 99830.485535 100000.000000 0.554327 0.554327 0.000000
15.000006 152.439308 99847.560692 100000.000000 0.515411 0.515411 0.000000
15.500000 137.273899 99862.726101 100000.000000 0.480598 0.480598 0.000000
16.000013 123.569811 99876.430189 100000.000000 0.446717 0.446717 0.000000
16.500005 111.384906 99888.615094 100000.000000 0.415993 0.415993 0.000000
17.000013 100.374528 99899.625472 100000.000000 0.387471 0.387471 0.000000
17.500006 90.638365 99909.361635 100000.000000 0.361837 0.361837 0.000000
18.000000 81.845597 99918.154403 100000.000000 0.336373 0.336373 0.000000
18.500009 74.002830 99925.997170 100000.000000 0.315157 0.315157 0.000000
19.000003 66.953145 99933.046855 100000.000000 0.294610 0.294610 0.000000
19.500002 60.589937 99939.410063 100000.000000 0.273465 0.273465 0.000000
20.000012 54.834277 99945.165723 100000.000000 0.255754 0.255754 0.000000
20.500001 49.683648 99950.316352 100000.000000 0.238574 0.238574 0.000000
21.000000 44.966981 99955.033019 100000.000000 0.222708 0.222708 0.000000
21.500001 40.749686 99959.250314 100000.000000 0.209010 0.209010 0.000000
22.000002 36.928931 99963.071069 100000.000000 0.195464 0.195464 0.000000
22.500001 33.493711 99966.506289 100000.000000 0.182619 0.182619 0.000000
23.000002 30.417925 99969.582075 100000.000000 0.171320 0.171320 0.000000
