0.000000 1.019699
1.000000 2.041974
2.000000 2.677468
3.000000 3.138016
4.000000 3.476000
5.000000 3.725450
6.000000 3.909800
7.000000 4.045842
8.000000 4.145927
9.000000 4.219271
10.000000 4.272794
11.000000 4.311687
12.000000 4.339838
13.000000 4.360140
14.000000 4.374734
15.000000 4.385196
16.000000 4.392677
17.000000 4.398016
18.000000 4.401819
19.000000 4.404525
20.000000 4.406448
21.000000 4.407813
22.000000 4.408781
23.000000 4.409467
24.000000 4.409953
25.000000 4.410298
26.000000 4.410541
27.000000 4.410714
28.000000 4.410836
29.000000 4.410923
30.000000 4.410984
31.000000 4.411027
32.000000 4.411058
33.000000 4.411079
34.000000 4.411094
35.000000 4.411105
36.000000 4.411113
37.000000 4.411118
38.000000 4.411122
39.000000 4.411125
40.000000 4.411127
41.000000 4.411128
42.000000 4.411129
43.000000 4.411130
44.000000 4.411130
45.000000 4.411131
46.000000 4.411131
47.000000 4.411131
48.000000 4.411131
49.000000 4.411131
50.000000 4.411131
51.000000 4.411131
