0.000000 1.019699
1.000000 1.394004
2.000000 1.602664
3.000000 1.723059
4.000000 1.803558
5.000000 1.863312
6.000000 1.910433
7.000000 1.949002
8.000000 1.981386
9.000000 2.009096
10.000000 2.033160
11.000000 2.054309
12.000000 2.073082
13.000000 2.089888
14.000000 2.105042
15.000000 2.118792
16.000000 2.131337
17.000000 2.142840
18.000000 2.153432
19.000000 2.163224
20.000000 2.172306
21.000000 2.180758
22.000000 2.188644
23.000000 2.196022
24.000000 2.202940
25.000000 2.209440
26.000000 2.215559
27.000000 2.221329
28.000000 2.226779
29.000000 2.231934
30.000000 2.236815
31.000000 2.241444
32.000000 2.245837
33.000000 2.250011
34.000000 2.253979
35.000000 2.257757
36.000000 2.261354
37.000000 2.264782
38.000000 2.268051
39.000000 2.271170
40.000000 2.274148
41.000000 2.276991
42.000000 2.279708
43.000000 2.282305
44.000000 2.284787
45.000000 2.287162
46.000000 2.289433
47.000000 2.291607
48.000000 2.293687
49.000000 2.295679
50.000000 2.297585
51.000000 2.299412
0.000000 0.000000
0.000000 0.000000
0.000000 0.000000
0.000000 0.000000
0.000000 0.000000
0.000000 0.000000
0.000000 0.000000
0.000000 0.000000
0.000000 0.000000
0.000000 0.000000
0.000000 0.000000
0.000000 0.000000
0.000000 0.000000
0.000000 0.000000
0.000000 0.000000
0.000000 0.000000
0.000000 0.000000
0.000000 0.000000
0.000000 0.000000
0.000000 0.000000
0.000000 0.000000
0.000000 0.000000
0.000000 0.000000
0.000000 0.000000
0.000000 0.000000
0.000000 0.000000
0.000000 0.000000
0.000000 0.000000
0.000000 0.000000
0.000000 0.000000
0.000000 0.000000
0.000000 0.000000
0.000000 0.000000
0.000000 0.000000
0.000000 0.000000
0.000000 0.000000
0.000000 0.000000
0.000000 0.000000
0.000000 0.000000
0.000000 0.000000
0.000000 0.000000
0.000000 0.000000
0.000000 0.000000
0.000000 0.000000
0.000000 0.000000
0.000000 0.000000
0.000000 0.000000
0.000000 0.000000
0.000000 0.000000
0.000000 0.000000
0.000000 0.000000
0.000000 0.000000
0.000000 0.000000
0.000000 0.000000
0.000000 0.000000
0.000000 0.000000
0.000000 0.000000
0.000000 0.000000
0.000000 0.000000
0.000000 0.000000
0.000000 0.000000
0.000000 0.000000
0.000000 0.000000
0.000000 0.000000
0.000000 0.000000
0.000000 0.000000
0.000000 0.000000
0.000000 0.000000
0.000000 0.000000
0.000000 0.000000
0.000000 0.000000
0.000000 0.000000
0.000000 0.000000
0.000000 0.000000
0.000000 0.000000
0.000000 0.000000
0.000000 0.000000
0.000000 0.000000
0.000000 0.000000
0.000000 0.000000
0.000000 0.000000
0.000000 0.000000
0.000000 0.000000
0.000000 0.000000
0.000000 0.000000
0.000000 0.000000
0.000000 0.000000
0.000000 0.000000
0.000000 0.000000
0.000000 0.000000
0.000000 0.000000
0.000000 0.000000
0.000000 0.000000
