0.000000 1.019699
1.000000 1.394004
2.000000 1.692812
3.000000 1.934916
4.000000 2.125208
5.000000 2.267982
6.000000 2.371152
7.000000 2.443827
8.000000 2.494190
9.000000 2.528731
10.000000 2.552265
11.000000 2.568231
12.000000 2.579034
13.000000 2.586329
14.000000 2.591250
15.000000 2.594566
16.000000 2.596800
17.000000 2.598305
18.000000 2.599317
19.000000 2.599999
20.000000 2.600458
21.000000 2.600767
22.000000 2.600974
23.000000 2.601114
24.000000 2.601208
25.000000 2.601271
26.000000 2.601314
27.000000 2.601343
28.000000 2.601362
29.000000 2.601375
30.000000 2.601384
31.000000 2.601390
32.000000 2.601394
33.000000 2.601396
34.000000 2.601398
35.000000 2.601399
36.000000 2.601400
37.000000 2.601401
38.000000 2.601401
39.000000 2.601401
40.000000 2.601401
41.000000 2.601401
42.000000 2.601402
43.000000 2.601402
44.000000 2.601402
45.000000 2.601402
46.000000 2.601402
47.000000 2.601402
48.000000 2.601402
49.000000 2.601402
50.000000 2.601402
51.000000 2.601402
0.000000 0.000000
0.000000 0.000000
0.000000 0.000000
0.000000 0.000000
0.000000 0.000000
0.000000 0.000000
0.000000 0.000000
0.000000 0.000000
0.000000 0.000000
0.000000 0.000000
0.000000 0.000000
0.000000 0.000000
0.000000 0.000000
0.000000 0.000000
0.000000 0.000000
0.000000 0.000000
0.000000 0.000000
0.000000 0.000000
0.000000 0.000000
0.000000 0.000000
0.000000 0.000000
0.000000 0.000000
0.000000 0.000000
0.000000 0.000000
0.000000 0.000000
0.000000 0.000000
0.000000 0.000000
0.000000 0.000000
0.000000 0.000000
0.000000 0.000000
0.000000 0.000000
0.000000 0.000000
0.000000 0.000000
0.000000 0.000000
0.000000 0.000000
0.000000 0.000000
0.000000 0.000000
0.000000 0.000000
0.000000 0.000000
0.000000 0.000000
0.000000 0.000000
0.000000 0.000000
0.000000 0.000000
0.000000 0.000000
0.000000 0.000000
0.000000 0.000000
0.000000 0.000000
0.000000 0.000000
0.000000 0.000000
0.000000 0.000000
0.000000 0.000000
0.000000 0.000000
0.000000 0.000000
0.000000 0.000000
0.000000 0.000000
0.000000 0.000000
0.000000 0.000000
0.000000 0.000000
0.000000 0.000000
0.000000 0.000000
0.000000 0.000000
0.000000 0.000000
0.000000 0.000000
0.000000 0.000000
0.000000 0.000000
0.000000 0.000000
0.000000 0.000000
0.000000 0.000000
0.000000 0.000000
0.000000 0.000000
0.000000 0.000000
0.000000 0.000000
0.000000 0.000000
0.000000 0.000000
0.000000 0.000000
0.000000 0.000000
0.000000 0.000000
0.000000 0.000000
0.000000 0.000000
0.000000 0.000000
0.000000 0.000000
0.000000 0.000000
0.000000 0.000000
0.000000 0.000000
0.000000 0.000000
0.000000 0.000000
0.000000 0.000000
0.000000 0.000000
0.000000 0.000000
0.000000 0.000000
0.000000 0.000000
0.000000 0.000000
0.000000 0.000000
