0.000000 1.019699
1.000000 1.648636
2.000000 2.076016
3.000000 2.406590
4.000000 2.665091
5.000000 2.868768
6.000000 3.030000
7.000000 3.157925
8.000000 3.259483
9.000000 3.340061
10.000000 3.403906
11.000000 3.454404
12.000000 3.494264
13.000000 3.525660
14.000000 3.550339
15.000000 3.569699
16.000000 3.584859
17.000000 3.596709
18.000000 3.605957
19.000000 3.613166
20.000000 3.618777
21.000000 3.623141
22.000000 3.626532
23.000000 3.629164
24.000000 3.631206
25.000000 3.632789
26.000000 3.634016
27.000000 3.634966
28.000000 3.635702
29.000000 3.636272
30.000000 3.636713
31.000000 3.637054
32.000000 3.637318
33.000000 3.637522
34.000000 3.637680
35.000000 3.637802
36.000000 3.637897
37.000000 3.637970
38.000000 3.638026
39.000000 3.638070
40.000000 3.638104
41.000000 3.638130
42.000000 3.638150
43.000000 3.638165
44.000000 3.638177
45.000000 3.638187
46.000000 3.638194
47.000000 3.638199
48.000000 3.638204
49.000000 3.638207
50.000000 3.638210
51.000000 3.638212
