0.000000 1.016501
1.000000 1.465748
2.000000 1.685559
3.000000 1.839228
4.000000 1.958335
5.000000 2.055818
6.000000 2.138182
7.000000 2.209168
8.000000 2.271148
9.000000 2.325742
10.000000 2.374122
11.000000 2.417179
12.000000 2.455611
13.000000 2.489988
14.000000 2.520781
15.000000 2.548391
16.000000 2.573162
17.000000 2.595393
18.000000 2.615348
19.000000 2.633260
20.000000 2.649336
21.000000 2.663761
22.000000 2.676703
23.000000 2.688311
24.000000 2.698718
25.000000 2.708046
26.000000 2.716404
27.000000 2.723891
28.000000 2.730595
29.000000 2.736595
30.000000 2.741965
31.000000 2.746769
32.000000 2.751065
33.000000 2.754906
34.000000 2.758339
35.000000 2.761408
36.000000 2.764149
37.000000 2.766598
38.000000 2.768785
39.000000 2.770737
40.000000 2.772480
41.000000 2.774036
42.000000 2.775425
43.000000 2.776664
44.000000 2.777770
45.000000 2.778756
46.000000 2.779636
47.000000 2.780421
48.000000 2.781121
49.000000 2.781745
50.000000 2.782302
51.000000 2.782798
52.000000 2.783241
53.000000 2.783636
54.000000 2.783987
55.000000 2.784301
56.000000 2.784581
57.000000 2.784830
58.000000 2.785052
59.000000 2.785250
60.000000 2.785426
61.000000 2.785584
62.000000 2.785724
63.000000 2.785849
64.000000 2.785960
65.000000 2.786059
66.000000 2.786148
67.000000 2.786226
68.000000 2.786297
69.000000 2.786359
70.000000 2.786415
71.000000 2.786465
72.000000 2.786509
73.000000 2.786549
74.000000 2.786584
75.000000 2.786615
76.000000 2.786643
77.000000 2.786668
78.000000 2.786690
79.000000 2.786710
80.000000 2.786727
81.000000 2.786743
82.000000 2.786757
83.000000 2.786769
84.000000 2.786781
85.000000 2.786790
86.000000 2.786799
87.000000 2.786807
88.000000 2.786814
89.000000 2.786820
90.000000 2.786826
91.000000 2.786831
92.000000 2.786835
93.000000 2.786839
94.000000 2.786843
95.000000 2.786846
96.000000 2.786849
97.000000 2.786851
98.000000 2.786853
99.000000 2.786855
100.000000 2.786857
101.000000 2.786859
102.000000 2.786860
103.000000 2.786861
104.000000 2.786862
105.000000 2.786863
106.000000 2.786864
107.000000 2.786865
108.000000 2.786866
109.000000 2.786866
110.000000 2.786867
111.000000 2.786867
112.000000 2.786868
113.000000 2.786868
114.000000 2.786869
115.000000 2.786869
116.000000 2.786869
117.000000 2.786869
118.000000 2.786870
119.000000 2.786870
120.000000 2.786870
121.000000 2.786870
122.000000 2.786870
123.000000 2.786870
124.000001 2.786870
125.000001 2.786871
126.000001 2.786871
127.000001 2.786871
128.000001 2.786871
129.000001 2.786871
130.000001 2.786871
131.000001 2.786871
132.000001 2.786871
133.000001 2.786871
134.000001 2.786871
135.000001 2.786871
136.000001 2.786871
137.000001 2.786871
138.000001 2.786871
139.000001 2.786871
140.000001 2.786871
141.000001 2.786871
142.000001 2.786871
143.000001 2.786871
144.000001 2.786871
145.000001 2.786871
146.000001 2.786871
147.000001 2.786871
148.000001 2.786871
149.000001 2.786871
150.000001 2.786871
151.000001 2.786871
152.000001 2.786871
153.000001 2.786871
154.000001 2.786871
155.000001 2.786871
156.000001 2.786871
157.000001 2.786871
158.000001 2.786871
159.000001 2.786871
160.000001 2.786871
161.000001 2.786871
162.000001 2.786871
163.000001 2.786871
164.000001 2.786871
165.000001 2.786871
166.000001 2.786871
167.000001 2.786871
168.000001 2.786871
169.000001 2.786871
170.000001 2.786871
171.000001 2.786871
172.000001 2.786871
173.000002 2.786871
174.000002 2.786871
175.000002 2.786871
176.000002 2.786871
177.000002 2.786871
178.000002 2.786871
179.000002 2.786871
180.000002 2.786871
181.000002 2.786871
182.000002 2.786871
183.000001 2.786871
184.000001 2.786871
185.000001 2.786871
186.000001 2.786871
187.000001 2.786871
188.000001 2.786871
189.000001 2.786871
190.000001 2.786871
191.000001 2.786873
192.000001 2.786872
193.000001 2.786872
194.000001 2.786872
195.000001 2.786872
196.000001 2.786872
197.000001 2.786872
198.000001 2.786872
199.000001 2.786872
200.000001 2.786872
201.000001 2.786872
202.000001 2.786872
203.000001 2.786872
204.000001 2.786872
205.000001 2.786872
206.000001 2.786872
207.000001 2.786872
208.000001 2.786872
209.000001 2.786872
210.000001 2.786871
211.000001 2.786871
212.000001 2.786871
213.000001 2.786871
214.000001 2.786871
215.000001 2.786871
216.000001 2.786871
217.000001 2.786871
218.000001 2.786871
219.000001 2.786871
220.000001 2.786871
221.000001 2.786871
222.000000 2.786871
223.000000 2.786871
224.000000 2.786871
225.000000 2.786871
226.000000 2.786871
227.000000 2.786871
228.000000 2.786871
229.000000 2.786871
230.000000 2.786871
231.000000 2.786871
232.000000 2.786871
233.000000 2.786871
234.000000 2.786871
235.000000 2.786871
236.000000 2.786871
237.000000 2.786871
238.000000 2.786871
239.000000 2.786871
240.000000 2.786871
241.000000 2.786871
242.000000 2.786871
243.000000 2.786871
244.000000 2.786871
245.000000 2.786871
246.000000 2.786871
247.000000 2.786871
248.000000 2.786871
249.000000 2.786871
250.000000 2.786871
251.000000 2.786871
252.000000 2.786871
253.000000 2.786871
254.000000 2.786871
255.000000 2.786871
256.000000 2.786871
257.000000 2.786871
258.000000 2.786871
259.000000 2.786871
260.000000 2.786871
261.000000 2.786871
262.000000 2.786871
263.000000 2.786871
264.000000 2.786871
265.000000 2.786871
266.000000 2.786871
267.000000 2.786871
268.000000 2.786871
269.000000 2.786871
270.000000 2.786871
271.000000 2.786871
272.000000 2.786871
273.000000 2.786871
274.000000 2.786871
275.000000 2.786871
276.000000 2.786871
277.000000 2.786873
278.000000 2.786872
278.999999 2.786872
279.999999 2.786872
280.999999 2.786872
281.999999 2.786872
282.999999 2.786872
283.999999 2.786872
284.999999 2.786872
285.999999 2.786872
286.999999 2.786872
287.999999 2.786872
288.999999 2.786872
289.999999 2.786872
290.999999 2.786872
291.999999 2.786872
292.999999 2.786872
293.999999 2.786872
294.999999 2.786872
295.999999 2.786871
296.999999 2.786871
297.999999 2.786871
298.999999 2.786871
299.999999 2.786871
300.999999 2.786871
301.999999 2.786871
302.999999 2.786871
303.999999 2.786871
304.999999 2.786871
305.999999 2.786871
306.999999 2.786871
307.999999 2.786871
308.999999 2.786871
309.999999 2.786871
310.999999 2.786871
311.999999 2.786871
312.999999 2.786871
313.999999 2.786871
314.999999 2.786871
315.999999 2.786871
316.999999 2.786871
317.999999 2.786871
318.999998 2.786871
319.999998 2.786871
320.999998 2.786871
321.999998 2.786871
322.999998 2.786871
323.999998 2.786871
324.999998 2.786871
325.999998 2.786871
326.999998 2.786871
327.999998 2.786871
328.999998 2.786871
329.999998 2.786871
330.999998 2.786871
331.999998 2.786871
332.999998 2.786871
333.999998 2.786871
334.999998 2.786871
335.999998 2.786871
336.999998 2.786871
337.999998 2.786871
338.999998 2.786871
339.999998 2.786871
340.999998 2.786871
341.999998 2.786871
342.999998 2.786871
343.999998 2.786871
344.999998 2.786871
345.999998 2.786871
346.999998 2.786871
347.999998 2.786871
348.999998 2.786871
349.999998 2.786871
350.999998 2.786871
351.999998 2.786871
352.999998 2.786871
353.999998 2.786871
354.999998 2.786871
355.999998 2.786871
356.999998 2.786871
357.999997 2.786871
358.999997 2.786871
359.999997 2.786871
360.999997 2.786871
361.999997 2.786871
362.999997 2.786871
363.999997 2.786871
364.999997 2.786871
365.999997 2.786871
366.999997 2.786871
367.999997 2.786871
368.999997 2.786871
369.999997 2.786871
370.999997 2.786871
371.999997 2.786871
372.999997 2.786871
373.999997 2.786871
374.999997 2.786871
375.999997 2.786871
376.999997 2.786871
377.999997 2.786871
378.999997 2.786871
379.999997 2.786871
380.999997 2.786871
381.999997 2.786871
382.999997 2.786871
383.999997 2.786871
384.999997 2.786871
385.999997 2.786871
386.999997 2.786871
387.999997 2.786871
388.999997 2.786871
389.999997 2.786871
390.999997 2.786871
391.999997 2.786871
392.999997 2.786871
393.999997 2.786871
394.999997 2.786871
395.999997 2.786871
396.999997 2.786871
397.999996 2.786871
398.999996 2.786871
399.999996 2.786871
400.999996 2.786871
401.999996 2.786871
402.999996 2.786871
403.999996 2.786871
404.999996 2.786871
405.999996 2.786871
406.999996 2.786871
407.999996 2.786871
408.999996 2.786871
409.999996 2.786871
410.999996 2.786871
411.999996 2.786871
412.999996 2.786871
413.999996 2.786871
414.999996 2.786871
415.999996 2.786871
416.999996 2.786871
417.999996 2.786871
418.999996 2.786871
419.999996 2.786871
420.999996 2.786871
421.999996 2.786871
422.999996 2.786871
423.999996 2.786871
424.999996 2.786871
425.999996 2.786871
426.999996 2.786871
427.999996 2.786871
428.999996 2.786871
429.999996 2.786871
430.999996 2.786871
431.999996 2.786871
432.999996 2.786871
433.999996 2.786871
434.999996 2.786871
435.999996 2.786871
436.999996 2.786871
437.999995 2.786871
438.999995 2.786871
439.999995 2.786871
440.999995 2.786871
441.999995 2.786871
442.999995 2.786871
443.999995 2.786871
444.999995 2.786871
445.999995 2.786871
446.999995 2.786871
447.999995 2.786871
448.999995 2.786871
449.999995 2.786871
450.999995 2.786871
451.999995 2.786871
452.999995 2.786871
453.999995 2.786871
454.999995 2.786871
455.999995 2.786871
456.999995 2.786871
457.999995 2.786871
458.999995 2.786871
459.999995 2.786871
460.999995 2.786871
461.999995 2.786871
462.999995 2.786871
463.999995 2.786871
464.999995 2.786871
465.999995 2.786871
466.999995 2.786871
467.999995 2.786871
468.999995 2.786871
469.999995 2.786871
470.999995 2.786871
471.999995 2.786871
472.999995 2.786871
473.999995 2.786871
474.999995 2.786871
475.999995 2.786871
476.999994 2.786871
477.999994 2.786871
478.999994 2.786871
479.999994 2.786871
480.999994 2.786871
481.999994 2.786871
482.999994 2.786871
483.999994 2.786871
484.999994 2.786871
485.999994 2.786871
486.999994 2.786871
487.999994 2.786871
488.999994 2.786871
489.999994 2.786871
490.999994 2.786871
491.999994 2.786871
492.999994 2.786871
493.999994 2.786871
494.999994 2.786871
495.999994 2.786871
496.999994 2.786871
497.999994 2.786871
498.999994 2.786871
499.999994 2.786871
500.999994 2.786871
501.999994 2.786871
502.999994 2.786871
503.999994 2.786871
504.999994 2.786871
505.999994 2.786871
506.999994 2.786871
507.999994 2.786871
508.999994 2.786871
509.999994 2.786871
510.999994 2.786871
511.999994 2.786871
512.999994 2.786871
513.999994 2.786871
514.999994 2.786871
515.999994 2.786871
516.999993 2.786871
517.999993 2.786872
518.999993 2.786872
519.999993 2.786872
520.999993 2.786872
521.999993 2.786872
522.999993 2.786872
523.999993 2.786872
524.999993 2.786872
525.999993 2.786872
526.999993 2.786872
527.999993 2.786872
528.999993 2.786872
529.999993 2.786872
530.999993 2.786872
531.999993 2.786872
532.999993 2.786872
533.999993 2.786872
534.999993 2.786871
535.999993 2.786871
536.999993 2.786871
537.999993 2.786871
538.999993 2.786871
539.999993 2.786871
540.999993 2.786871
541.999993 2.786871
542.999993 2.786871
543.999993 2.786871
544.999993 2.786871
545.999993 2.786871
546.999993 2.786871
547.999993 2.786871
548.999993 2.786871
549.999993 2.786871
550.999993 2.786871
551.999993 2.786871
552.999993 2.786871
553.999993 2.786871
554.999993 2.786871
555.999992 2.786871
556.999992 2.786871
557.999992 2.786871
558.999992 2.786871
