0.000000 1.019699
1.000000 1.394004
2.000000 1.605983
3.000000 1.731572
4.000000 1.818052
5.000000 1.884080
6.000000 1.937507
7.000000 1.982256
8.000000 2.020591
9.000000 2.053957
10.000000 2.083339
11.000000 2.109444
12.000000 2.132796
13.000000 2.153797
14.000000 2.172765
15.000000 2.189954
16.000000 2.205574
17.000000 2.219797
18.000000 2.232772
19.000000 2.244623
20.000000 2.255461
21.000000 2.265380
22.000000 2.274464
23.000000 2.282788
24.000000 2.290419
25.000000 2.297416
26.000000 2.303833
27.000000 2.309720
28.000000 2.315121
29.000000 2.320076
30.000000 2.324622
31.000000 2.328793
32.000000 2.332620
33.000000 2.336131
34.000000 2.339352
35.000000 2.342307
36.000000 2.345018
37.000000 2.347504
38.000000 2.349785
39.000000 2.351876
40.000000 2.353795
41.000000 2.355554
42.000000 2.357167
43.000000 2.358646
44.000000 2.360002
45.000000 2.361245
46.000000 2.362385
47.000000 2.363430
48.000000 2.364388
49.000000 2.365266
50.000000 2.366071
51.000000 2.366809
0.000000 0.000000
0.000000 0.000000
0.000000 0.000000
0.000000 0.000000
0.000000 0.000000
0.000000 0.000000
0.000000 0.000000
0.000000 0.000000
0.000000 0.000000
0.000000 0.000000
0.000000 0.000000
0.000000 0.000000
0.000000 0.000000
0.000000 0.000000
0.000000 0.000000
0.000000 0.000000
0.000000 0.000000
0.000000 0.000000
0.000000 0.000000
0.000000 0.000000
0.000000 0.000000
0.000000 0.000000
0.000000 0.000000
0.000000 0.000000
0.000000 0.000000
0.000000 0.000000
0.000000 0.000000
0.000000 0.000000
0.000000 0.000000
0.000000 0.000000
0.000000 0.000000
0.000000 0.000000
0.000000 0.000000
0.000000 0.000000
0.000000 0.000000
0.000000 0.000000
0.000000 0.000000
0.000000 0.000000
0.000000 0.000000
0.000000 0.000000
0.000000 0.000000
0.000000 0.000000
0.000000 0.000000
0.000000 0.000000
0.000000 0.000000
0.000000 0.000000
0.000000 0.000000
0.000000 0.000000
0.000000 0.000000
0.000000 0.000000
0.000000 0.000000
0.000000 0.000000
0.000000 0.000000
0.000000 0.000000
0.000000 0.000000
0.000000 0.000000
0.000000 0.000000
0.000000 0.000000
0.000000 0.000000
0.000000 0.000000
0.000000 0.000000
0.000000 0.000000
0.000000 0.000000
0.000000 0.000000
0.000000 0.000000
0.000000 0.000000
0.000000 0.000000
0.000000 0.000000
0.000000 0.000000
0.000000 0.000000
0.000000 0.000000
0.000000 0.000000
0.000000 0.000000
0.000000 0.000000
0.000000 0.000000
0.000000 0.000000
0.000000 0.000000
0.000000 0.000000
0.000000 0.000000
0.000000 0.000000
0.000000 0.000000
0.000000 0.000000
0.000000 0.000000
0.000000 0.000000
0.000000 0.000000
0.000000 0.000000
0.000000 0.000000
0.000000 0.000000
0.000000 0.000000
0.000000 0.000000
0.000000 0.000000
0.000000 0.000000
0.000000 0.000000
