0.000001 2.601531 6.887385 4.038026 0.999997 
0.500000 2.609205 6.911854 4.033677 0.999992 
1.000000 2.679682 7.157732 3.990007 0.999977 
1.500000 2.888286 7.917583 3.865552 0.999951 
2.000000 3.219268 9.114563 3.698286 0.999918 
2.500000 3.578387 10.392982 3.551635 0.999884 
2.999999 3.911426 11.593890 3.435883 0.999851 
3.500000 3.419869 9.442149 3.647473 0.999904 
4.000000 2.936002 6.746165 3.864551 0.999959 
4.500000 2.711524 5.325420 3.811818 0.999986 
5.000000 2.636797 4.855761 3.713030 0.999995 
5.500000 2.614456 4.751132 3.675069 0.999998 
6.000000 2.607956 4.762293 3.670713 0.999999 
6.500000 2.606051 4.808343 3.677895 0.999999 
7.000000 2.605462 4.864835 3.688557 0.999999 
7.500000 2.605248 4.924527 3.700207 0.999999 
8.000000 2.605139 4.985288 3.712109 0.999999 
8.500000 2.605057 5.046489 3.724046 0.999999 
9.000000 2.604982 5.107945 3.735954 0.999999 
9.500000 2.604906 5.169600 3.747814 0.999999 
10.000000 2.604829 5.231433 3.759617 0.999999 
10.500000 2.604748 5.293439 3.771359 0.999999 
11.000000 2.604664 5.355611 3.783037 0.999999 
11.499999 2.604577 5.417946 3.794650 0.999999 
11.999999 2.604488 5.480441 3.806193 0.999999 
12.499999 2.604394 5.543091 3.817664 0.999999 
12.999999 2.604298 5.605893 3.829061 0.999999 
13.499999 2.604198 5.668843 3.840381 0.999999 
13.999999 2.604094 5.731937 3.851621 0.999999 
14.499999 2.603987 5.795171 3.862780 0.999998 
14.999999 2.603876 5.858542 3.873854 0.999998 
15.499999 2.603762 5.922044 3.884841 0.999998 
15.999999 2.603643 5.985674 3.895740 0.999998 
16.499999 2.603521 6.049427 3.906548 0.999998 
16.999999 2.603394 6.113299 3.917263 0.999998 
17.499999 2.603264 6.177285 3.927883 0.999998 
17.999999 2.603129 6.241382 3.938407 0.999998 
18.499999 2.602990 6.305584 3.948833 0.999998 
18.999999 2.602847 6.369887 3.959159 0.999998 
19.499999 2.602699 6.434287 3.969385 0.999998 
19.999998 2.602546 6.498778 3.979507 0.999998 
20.499998 2.602389 6.563356 3.989526 0.999998 
20.999998 2.602228 6.628017 3.999440 0.999998 
21.499998 2.602061 6.692755 4.009248 0.999998 
21.999998 2.601889 6.757565 4.018948 0.999998 
22.499998 2.601713 6.822443 4.028541 0.999997 
22.999998 2.601531 6.887384 4.038026 0.999997 

