0.000008 2.792770 8.971588 4.069077 0.000000 0.000220 0.000665 0.000005
0.500014 2.821015 9.421337 4.193826 0.000000 0.000220 0.000663 0.000004
1.000044 2.948582 10.957573 4.510718 0.000000 0.000220 0.000659 0.000003
1.500122 3.267495 14.250563 4.764074 0.000000 0.000220 0.000671 0.000001
2.000269 3.728793 18.267372 4.629011 0.000000 0.000220 0.000751 0.000000
2.500489 4.206651 21.960788 4.366539 0.000000 0.000220 0.000908 0.000000
3.001515 4.643888 25.268230 4.136397 0.000000 0.000220 0.001105 0.000000
3.500236 3.980287 19.608130 4.559471 0.000000 0.000220 0.000825 0.000000
4.000074 3.284287 12.194132 4.859549 0.000000 0.000220 0.000673 0.000002
4.500023 2.937207 7.917932 4.271190 0.000000 0.000220 0.000659 0.000007
5.000007 2.824547 6.700097 3.963422 0.000000 0.000220 0.000663 0.000012
5.500004 2.805541 6.550066 3.893787 0.000000 0.000220 0.000664 0.000013
6.000004 2.805044 6.605817 3.884334 0.000000 0.000220 0.000664 0.000013
6.500004 2.804997 6.674311 3.890599 0.000000 0.000220 0.000664 0.000012
7.000004 2.805037 6.753338 3.907187 0.000000 0.000220 0.000664 0.000012
7.500004 2.805226 6.825504 3.910715 0.000000 0.000220 0.000664 0.000011
8.000004 2.805128 6.892186 3.912629 0.000000 0.000220 0.000664 0.000011
8.500004 2.804383 6.951330 3.911541 0.000000 0.000220 0.000664 0.000011
9.000004 2.804691 7.025089 3.917275 0.000000 0.000220 0.000664 0.000010
9.500004 2.804370 7.088116 3.914371 0.000000 0.000220 0.000664 0.000010
10.000004 2.804650 7.165356 3.922105 0.000000 0.000220 0.000664 0.000010
10.500004 2.804721 7.246520 3.942533 0.000000 0.000220 0.000664 0.000009
11.000004 2.804548 7.309410 3.936997 0.000000 0.000220 0.000664 0.000009
11.500004 2.804191 7.373376 3.941023 0.000000 0.000220 0.000664 0.000009
12.000004 2.804377 7.443838 3.944825 0.000000 0.000220 0.000664 0.000009
12.500004 2.804559 7.525252 3.960373 0.000000 0.000220 0.000664 0.000008
13.000004 2.803892 7.580794 3.954655 0.000000 0.000220 0.000664 0.000008
13.500004 2.803326 7.640151 3.951154 0.000000 0.000220 0.000664 0.000008
14.000004 2.803365 7.716366 3.961052 0.000000 0.000220 0.000664 0.000008
14.500004 2.802466 7.779592 3.966496 0.000000 0.000220 0.000664 0.000008
15.000004 2.802589 7.860128 3.978859 0.000000 0.000220 0.000664 0.000007
15.500004 2.802524 7.923647 3.975797 0.000000 0.000220 0.000664 0.000007
16.000004 2.802133 7.987372 3.974671 0.000000 0.000220 0.000664 0.000007
16.500004 2.801950 8.064005 3.984911 0.000000 0.000220 0.000664 0.000007
17.000004 2.801843 8.133877 3.988142 0.000000 0.000220 0.000664 0.000007
17.500004 2.801784 8.203393 3.992862 0.000000 0.000220 0.000664 0.000007
18.000004 2.801263 8.269426 3.994966 0.000000 0.000220 0.000664 0.000006
18.500004 2.801378 8.348405 4.006811 0.000000 0.000220 0.000664 0.000006
19.000004 2.801806 8.434203 4.016144 0.000000 0.000220 0.000664 0.000006
19.500004 2.801506 8.499715 4.016945 0.000000 0.000220 0.000664 0.000006
20.000004 2.800444 8.553764 4.015611 0.000000 0.000220 0.000664 0.000006
20.500004 2.800261 8.634595 4.030570 0.000000 0.000220 0.000664 0.000006
21.000004 2.799865 8.700167 4.029244 0.000000 0.000220 0.000664 0.000005
21.500004 2.799381 8.766666 4.029943 0.000000 0.000220 0.000664 0.000005
22.000004 2.798808 8.832192 4.035297 0.000000 0.000220 0.000664 0.000005
22.500004 2.798662 8.910006 4.046700 0.000000 0.000220 0.000664 0.000005
23.000004 2.798597 8.994843 4.058062 0.000000 0.000220 0.000665 0.000005
