0.000008 8.334993 68.585848 2.632242 0.000000 0.000571 0.003003 0.000000
0.500014 8.523639 73.541503 2.604520 0.000000 0.000571 0.003003 0.000000
1.000047 9.004195 84.571437 2.512180 0.000000 0.000571 0.003022 0.000000
1.500138 9.780411 99.268990 2.360219 0.000000 0.000571 0.003121 0.000000
2.000334 10.538491 110.553980 2.233309 0.000000 0.000571 0.003437 0.000000
2.500588 11.126660 117.449915 2.151464 0.000000 0.000571 0.003911 0.000000
3.000826 11.587534 121.993165 2.096265 0.000000 0.000571 0.004374 0.000000
3.500953 11.985069 125.567678 2.052590 0.000000 0.000571 0.004787 0.000000
4.001177 12.346259 128.651371 2.016429 0.000000 0.000571 0.005175 0.000000
4.501338 12.684680 131.457744 1.984522 0.000000 0.000571 0.005551 0.000000
5.001427 13.005744 134.065496 1.956524 0.000000 0.000571 0.005923 0.000000
5.501556 13.313323 136.520151 1.931411 0.000000 0.000571 0.006292 0.000000
6.001759 13.605263 138.767928 1.909385 0.000000 0.000571 0.006660 0.000000
6.003627 13.605273 138.778534 1.909239 0.000000 0.000571 0.007022 0.000000
6.500559 12.920554 132.805006 1.968571 0.000000 0.000571 0.007022 0.000000
7.000172 11.354251 113.612656 2.170724 0.000000 0.000571 0.006193 0.000000
7.500051 9.734287 86.400858 2.481893 0.000000 0.000571 0.004572 0.000000
8.000015 8.862559 68.998603 2.677708 0.000000 0.000571 0.003413 0.000000
8.500005 8.537170 62.211702 2.738177 0.000000 0.000571 0.003083 0.000000
9.000004 8.515415 62.121629 2.735008 0.000000 0.000571 0.003023 0.000000
9.500004 8.510350 62.404265 2.730136 0.000000 0.000571 0.003020 0.000000
10.000004 8.504975 62.696597 2.725523 0.000000 0.000571 0.003019 0.000000
10.500004 8.496116 62.863834 2.720710 0.000000 0.000571 0.003019 0.000000
11.000004 8.489553 63.105405 2.717008 0.000000 0.000571 0.003018 0.000000
11.500004 8.482274 63.295760 2.711665 0.000000 0.000571 0.003017 0.000000
12.000004 8.474433 63.523331 2.708240 0.000000 0.000571 0.003016 0.000000
12.500004 8.467228 63.726305 2.703743 0.000000 0.000571 0.003015 0.000000
13.000004 8.460227 63.977206 2.700600 0.000000 0.000571 0.003015 0.000000
13.500004 8.455506 64.220503 2.695519 0.000000 0.000571 0.003014 0.000000
14.000004 8.447596 64.422056 2.691232 0.000000 0.000571 0.003013 0.000000
14.500004 8.440700 64.649129 2.687694 0.000000 0.000571 0.003012 0.000000
15.000004 8.434573 64.874151 2.682668 0.000000 0.000571 0.003012 0.000000
15.500004 8.427244 65.096052 2.679776 0.000000 0.000571 0.003011 0.000000
16.000004 8.418523 65.259358 2.676055 0.000000 0.000571 0.003011 0.000000
16.500004 8.411648 65.475888 2.672599 0.000000 0.000571 0.003010 0.000000
17.000004 8.404132 65.688820 2.669971 0.000000 0.000571 0.003009 0.000000
17.500004 8.397150 65.909948 2.666976 0.000000 0.000571 0.003008 0.000000
18.000004 8.389142 66.088798 2.663325 0.000000 0.000571 0.003008 0.000000
18.500004 8.383065 66.339298 2.660413 0.000000 0.000571 0.003007 0.000000
19.000004 8.375044 66.536265 2.657415 0.000000 0.000571 0.003007 0.000000
19.500004 8.369357 66.772803 2.654162 0.000000 0.000571 0.003006 0.000000
20.000004 8.362591 66.997215 2.651463 0.000000 0.000571 0.003006 0.000000
20.500004 8.354553 67.194589 2.648869 0.000000 0.000571 0.003005 0.000000
21.000004 8.346194 67.386245 2.646498 0.000000 0.000571 0.003005 0.000000
21.500004 8.339984 67.616935 2.643481 0.000000 0.000571 0.003004 0.000000
22.000004 8.332972 67.846398 2.641673 0.000000 0.000571 0.003004 0.000000
22.500004 8.325868 68.051745 2.639071 0.000000 0.000571 0.003003 0.000000
23.000004 8.319533 68.287091 2.637664 0.000000 0.000571 0.003003 0.000000
