6.000000 0.000000 5.958650 25.135925 2.732549 0.999969 
6.000000 0.499999 5.964742 25.164590 2.731474 0.999903 
6.000000 0.999999 6.030860 25.487327 2.717183 0.999743 
6.000000 1.499999 6.234388 26.492662 2.672990 0.999497 
6.000000 1.999999 6.541890 27.984140 2.610507 0.999262 
6.000000 2.499999 6.858454 29.493896 2.551055 0.999087 
6.000000 2.999998 7.149815 30.887737 2.499140 0.998950 
6.000000 3.499998 7.419277 32.195258 2.452653 0.998826 
6.000000 3.999998 7.674271 33.451421 2.409783 0.998704 
6.000000 4.499998 7.919372 34.674408 2.369593 0.998577 
6.000000 4.999998 8.156961 35.872350 2.331599 0.998445 
6.000000 5.499998 8.388316 37.048963 2.295511 0.998307 
6.000000 5.999998 8.614210 38.206180 2.261127 0.998162 
6.000000 6.499999 8.117810 35.383455 2.344370 0.998499 
6.000000 6.999999 7.201614 28.820983 2.534669 0.999135 
6.000000 7.499999 6.477291 22.504198 2.665701 0.999646 
6.000000 7.999999 6.155916 19.504130 2.669502 0.999875 
6.000000 8.499999 6.046748 18.608232 2.654552 0.999953 
6.000000 8.999999 6.012584 18.502837 2.650771 0.999977 
6.000000 9.499999 6.001764 18.648877 2.652697 0.999984 
6.000000 9.999999 5.997916 18.870688 2.656339 0.999985 
6.000000 10.499999 5.996109 19.114635 2.660361 0.999985 
6.000000 10.999999 5.994875 19.364637 2.664387 0.999985 
6.000000 11.499998 5.993784 19.615888 2.668320 0.999985 
6.000000 11.999998 5.992705 19.866942 2.672140 0.999984 
6.000000 12.499998 5.991602 20.117349 2.675845 0.999983 
6.000000 12.999998 5.990464 20.366956 2.679439 0.999983 
6.000000 13.499998 5.989286 20.615697 2.682924 0.999982 
6.000000 13.999998 5.988067 20.863533 2.686307 0.999981 
6.000000 14.499998 5.986807 21.110431 2.689589 0.999981 
6.000000 14.999998 5.985505 21.356359 2.692774 0.999980 
6.000000 15.499998 5.984160 21.601287 2.695865 0.999980 
6.000000 15.999998 5.982772 21.845187 2.698866 0.999979 
6.000000 16.499998 5.981341 22.088027 2.701777 0.999978 
6.000000 16.999998 5.979867 22.329779 2.704602 0.999978 
6.000000 17.499998 5.978349 22.570414 2.707343 0.999977 
6.000000 17.999998 5.976786 22.809904 2.710003 0.999976 
6.000000 18.499998 5.975179 23.048220 2.712583 0.999975 
6.000000 18.999998 5.973526 23.285335 2.715085 0.999975 
6.000000 19.499998 5.971828 23.521222 2.717512 0.999974 
6.000000 19.999997 5.970085 23.755855 2.719865 0.999973 
6.000000 20.499997 5.968295 23.989209 2.722147 0.999973 
6.000000 20.999997 5.966460 24.221257 2.724359 0.999972 
6.000000 21.499997 5.964578 24.451976 2.726503 0.999971 
6.000000 21.999997 5.962649 24.681343 2.728582 0.999971 
6.000000 22.499997 5.960673 24.909333 2.730597 0.999970 
6.000000 22.999997 5.958650 25.135925 2.732549 0.999969 
